resources/Input/dem_stazioni.asc
ncols        226
nrows        352
xllcorner    1677280.000000000000
yllcorner    5075260.000000000000
cellsize     20.000000000000
NODATA_value  -9999
[rows 41 to 81 of 352, columns 91 to 181 of 226]
1025 1034 1044 1054 1065 1077 1090 1102 1115 1129 1143 1158 1174 1189 1203 1216 1226 1234 1240 1243 1244 1242 1237 1229 1220 1211 1202 1193 1185 1176 1168 1159 1152 1144 1138 1132 1126 1121 1117 1115 1115 1115 1116 1115 1114 1112 1110 1107 1104 1100 1096 1092 1089 1085 1082 1077 1071 1076 1079 1082 1083 1084 1083 1083 1083 1083 1084 1084 1085 1085 1084 1083 1081 1079 1077 1077 1077 1079 1082 1086 1091 1096 1100 1103 1105 1105 1105 1104 1103 1102 1101
1023 1020 1030 1038 1052 1066 1079 1093 1107 1121 1135 1149 1163 1177 1191 1204 1216 1227 1236 1242 1245 1244 1239 1232 1223 1213 1204 1195 1186 1177 1168 1159 1151 1143 1137 1130 1124 1119 1114 1110 1108 1108 1108 1107 1106 1105 1103 1102 1099 1096 1092 1088 1085 1082 1079 1074 1068 1068 1072 1075 1077 1077 1077 1076 1076 1077 1077 1077 1077 1077 1076 1075 1074 1073 1073 1074 1076 1080 1084 1088 1092 1096 1100 1102 1103 1103 1103 1102 1101 1100 1100
1033 1020 1018 1016 1039 1055 1070 1084 1098 1112 1126 1140 1153 1166 1179 1193 1207 1220 1232 1241 1245 1245 1241 1234 1225 1215 1205 1195 1186 1176 1167 1158 1150 1142 1135 1128 1122 1116 1110 1106 1103 1101 1100 1099 1099 1098 1097 1096 1094 1092 1089 1085 1082 1079 1076 1072 1068 1065 1065 1069 1071 1071 1071 1071 1070 1070 1070 1070 1069 1069 1068 1068 1068 1069 1071 1073 1077 1082 1086 1090 1094 1097 1100 1101 1102 1102 1101 1100 1099 1099 1098
1040 1026 1014 1015 1032 1047 1061 1076 1090 1104 1117 1130 1143 1156 1169 1184 1200 1216 1230 1240 1246 1246 1242 1235 1226 1216 1205 1194 1184 1174 1165 1155 1147 1139 1132 1126 1120 1113 1107 1102 1097 1095 1093 1092 1091 1090 1090 1090 1089 1088 1085 1082 1079 1076 1073 1070 1067 1064 1062 1064 1065 1066 1066 1065 1064 1064 1064 1063 1062 1061 1061 1062 1064 1066 1070 1074 1079 1084 1088 1092 1096 1098 1099 1100 1101 1100 1100 1099 1098 1098 1097
1046 1030 1012 1015 1027 1041 1054 1068 1082 1096 1109 1122 1135 1148 1163 1179 1196 1213 1228 1240 1246 1247 1243 1235 1226 1216 1204 1193 1181 1171 1161 1151 1143 1135 1128 1121 1116 1110 1103 1098 1093 1089 1087 1085 1084 1083 1083 1084 1084 1083 1082 1079 1076 1073 1070 1068 1065 1061 1058 1059 1061 1061 1061 1060 1059 1058 1057 1056 1055 1055 1056 1058 1062 1066 1070 1076 1081 1086 1090 1094 1096 1098 1099 1100 1100 1099 1099 1098 1097 1096 1096
1050 1031 1006 1006 1020 1034 1048 1061 1074 1088 1101 1115 1129 1143 1159 1176 1194 1212 1227 1239 1245 1246 1242 1235 1225 1214 1202 1190 1177 1166 1155 1146 1137 1129 1121 1115 1110 1104 1099 1093 1089 1085 1082 1079 1078 1077 1077 1078 1079 1079 1078 1076 1074 1071 1068 1065 1062 1059 1055 1055 1056 1057 1056 1055 1054 1053 1052 1051 1050 1051 1053 1056 1061 1066 1072 1077 1083 1087 1092 1095 1096 1097 1098 1098 1098 1098 1098 1097 1096 1095 1094
1054 1036 1018 1005 1014 1028 1041 1054 1068 1081 1095 1109 1124 1140 1156 1174 1192 1210 1226 1237 1244 1244 1240 1233 1223 1212 1199 1186 1173 1161 1149 1139 1130 1121 1114 1108 1102 1097 1093 1088 1084 1080 1077 1074 1072 1071 1071 1072 1074 1075 1075 1074 1071 1069 1065 1062 1059 1056 1054 1052 1052 1053 1052 1051 1050 1048 1047 1046 1046 1048 1051 1055 1061 1066 1072 1078 1084 1088 1092 1095 1096 1096 1097 1097 1097 1097 1097 1096 1095 1094 1093
1057 1040 1023 1004 1003 1020 1035 1048 1061 1074 1089 1104 1120 1137 1154 1172 1190 1207 1222 1233 1240 1240 1237 1229 1219 1208 1195 1182 1168 1155 1143 1132 1122 1113 1106 1099 1094 1089 1085 1081 1078 1075 1072 1069 1067 1066 1066 1067 1069 1070 1071 1070 1069 1066 1063 1060 1057 1054 1051 1049 1049 1049 1048 1047 1045 1044 1043 1042 1043 1045 1049 1055 1060 1067 1073 1079 1084 1089 1092 1094 1095 1095 1095 1095 1095 1096 1095 1095 1094 1093 1093
1059 1043 1027 1011 1001 1015 1029 1042 1055 1069 1084 1100 1118 1135 1152 1169 1186 1202 1216 1227 1233 1234 1230 1223 1213 1203 1191 1178 1164 1151 1138 1126 1116 1106 1098 1091 1086 1081 1077 1073 1071 1068 1066 1064 1061 1060 1060 1061 1063 1065 1066 1066 1065 1063 1060 1057 1054 1051 1048 1047 1047 1045 1044 1043 1042 1040 1039 1039 1040 1043 1048 1053 1060 1066 1072 1078 1084 1088 1091 1093 1093 1093 1093 1093 1094 1094 1094 1094 1093 1093 1092
1059 1045 1029 1012 997 1010 1023 1036 1049 1064 1080 1097 1116 1134 1151 1167 1182 1196 1208 1217 1223 1224 1221 1214 1206 1196 1186 1174 1161 1147 1134 1122 1110 1101 1092 1084 1078 1073 1069 1066 1063 1061 1059 1058 1056 1054 1054 1056 1058 1060 1061 1062 1061 1060 1057 1054 1050 1047 1045 1043 1041 1042 1041 1040 1038 1037 1036 1036 1037 1041 1046 1052 1058 1065 1071 1077 1083 1087 1090 1091 1092 1092 1091 1091 1092 1092 1092 1092 1092 1092 1091
1059 1045 1029 1012 995 1003 1016 1030 1045 1060 1077 1095 1114 1132 1149 1164 1176 1188 1198 1206 1211 1212 1209 1203 1196 1188 1180 1170 1158 1145 1132 1119 1107 1097 1087 1079 1073 1067 1062 1059 1057 1055 1053 1052 1050 1049 1049 1050 1052 1054 1056 1057 1057 1056 1053 1050 1047 1043 1040 1039 1039 1039 1038 1037 1035 1033 1033 1033 1035 1039 1044 1050 1056 1063 1069 1076 1081 1085 1088 1090 1090 1090 1090 1090 1090 1091 1091 1091 1091 1091 1090
1057 1044 1029 1011 991 991 1009 1025 1040 1056 1073 1092 1111 1129 1145 1158 1168 1178 1186 1193 1197 1199 1196 1191 1185 1179 1173 1166 1156 1144 1131 1118 1106 1095 1085 1076 1068 1062 1057 1054 1051 1049 1048 1046 1045 1044 1044 1045 1046 1048 1050 1051 1052 1051 1049 1047 1043 1039 1034 1036 1036 1036 1036 1034 1032 1031 1030 1031 1033 1037 1042 1048 1054 1061 1068 1074 1079 1084 1087 1088 1089 1089 1088 1088 1088 1089 1089 1090 1090 1090 1089
1053 1041 1027 1011 996 986 1004 1020 1036 1052 1069 1087 1105 1122 1137 1148 1157 1165 1172 1178 1183 1185 1183 1178 1173 1169 1165 1160 1152 1142 1130 1118 1106 1094 1084 1075 1066 1059 1054 1050 1047 1045 1044 1042 1041 1040 1039 1040 1041 1042 1044 1045 1047 1047 1046 1043 1039 1034 1031 1032 1033 1034 1033 1031 1029 1028 1028 1029 1032 1036 1041 1047 1053 1060 1067 1073 1078 1082 1085 1087 1087 1087 1087 1086 1086 1087 1087 1088 1088 1088 1088
1045 1035 1022 1008 994 984 1000 1016 1032 1047 1063 1080 1096 1112 1125 1135 1143 1150 1157 1163 1168 1171 1169 1165 1160 1157 1155 1153 1147 1139 1129 1118 1106 1095 1085 1075 1066 1059 1052 1048 1045 1042 1040 1038 1037 1036 1035 1035 1036 1037 1038 1040 1042 1043 1042 1039 1035 1028 1028 1030 1030 1031 1030 1028 1027 1026 1026 1027 1031 1035 1041 1047 1054 1060 1067 1072 1077 1081 1084 1085 1086 1086 1085 1084 1084 1085 1085 1086 1086 1087 1087
1035 1027 1015 1002 988 980 996 1012 1028 1042 1057 1071 1086 1099 1110 1120 1127 1135 1141 1148 1154 1157 1156 1152 1147 1144 1143 1142 1138 1133 1125 1116 1107 1097 1086 1077 1068 1059 1053 1047 1043 1040 1037 1035 1034 1032 1032 1031 1031 1032 1034 1036 1038 1039 1038 1036 1031 1026 1026 1027 1027 1027 1027 1025 1024 1023 1024 1026 1030 1035 1041 1048 1055 1061 1067 1073 1077 1081 1083 1084 1085 1084 1084 1083 1083 1083 1084 1084 1085 1085 1085
1024 1016 1006 993 975 976 993 1009 1023 1037 1050 1062 1074 1084 1094 1103 1111 1118 1125 1133 1139 1142 1142 1137 1132 1129 1127 1127 1126 1123 1119 1113 1106 1098 1089 1080 1071 1062 1054 1048 1043 1038 1035 1032 1030 1029 1028 1028 1028 1028 1029 1031 1034 1035 1034 1032 1028 1022 1023 1024 1024 1024 1023 1022 1021 1021 1022 1025 1029 1035 1042 1049 1056 1062 1068 1074 1078 1081 1083 1084 1084 1084 1083 1082 1082 1082 1082 1083 1083 1084 1084
1011 1006 998 987 975 980 991 1005 1019 1032 1043 1053 1061 1069 1077 1085 1093 1100 1108 1116 1123 1126 1126 1121 1115 1110 1108 1109 1109 1109 1109 1106 1103 1097 1091 1083 1074 1066 1058 1050 1044 1038 1034 1030 1027 1026 1025 1024 1024 1024 1026 1028 1030 1031 1031 1029 1025 1020 1020 1020 1021 1021 1020 1019 1018 1019 1020 1024 1029 1035 1042 1049 1056 1063 1069 1075 1079 1082 1083 1084 1084 1084 1083 1082 1081 1081 1081 1081 1082 1082 1082
998 997 991 983 973 976 986 999 1012 1025 1034 1042 1048 1054 1060 1067 1074 1082 1090 1098 1105 1108 1108 1103 1096 1090 1088 1088 1090 1093 1096 1097 1097 1094 1090 1085 1078 1070 1062 1054 1046 1039 1033 1029 1025 1023 1021 1021 1021 1021 1022 1024 1026 1027 1027 1026 1023 1019 1016 1017 1017 1017 1017 1016 1016 1017 1019 1023 1029 1035 1042 1049 1057 1064 1070 1075 1080 1083 1084 1085 1085 1084 1083 1082 1081 1081 1080 1081 1081 1081 1081
998 991 984 979 969 966 976 991 1004 1016 1024 1031 1035 1039 1043 1049 1056 1064 1072 1080 1086 1089 1087 1082 1075 1069 1066 1067 1071 1076 1081 1085 1087 1088 1087 1084 1079 1073 1065 1057 1049 1041 1034 1028 1023 1020 1018 1017 1017 1018 1019 1021 1022 1023 1023 1022 1020 1016 1013 1014 1014 1014 1014 1013 1014 1015 1019 1023 1029 1036 1043 1050 1058 1064 1071 1076 1081 1084 1086 1086 1086 1085 1084 1082 1081 1081 1080 1080 1080 1080 1080
1003 995 988 981 973 966 962 980 995 1005 1013 1018 1021 1024 1027 1032 1039 1047 1055 1063 1067 1068 1066 1060 1054 1048 1046 1047 1052 1059 1066 1071 1075 1078 1079 1079 1077 1073 1067 1060 1052 1043 1035 1028 1022 1018 1015 1014 1014 1015 1016 1017 1018 1019 1018 1018 1016 1013 1010 1011 1011 1011 1011 1011 1012 1015 1019 1025 1031 1038 1045 1052 1059 1066 1072 1078 1083 1086 1087 1088 1087 1086 1084 1083 1082 1081 1080 1080 1080 1080 1079
1007 999 991 983 974 966 957 972 985 995 1002 1006 1009 1010 1013 1016 1023 1030 1039 1045 1048 1047 1043 1037 1031 1027 1025 1028 1035 1043 1050 1056 1061 1065 1068 1070 1071 1070 1066 1060 1053 1044 1036 1027 1020 1015 1012 1011 1011 1012 1013 1014 1014 1014 1014 1013 1012 1010 1007 1008 1008 1009 1009 1010 1012 1016 1021 1027 1034 1041 1048 1055 1062 1068 1074 1080 1084 1088 1089 1089 1088 1087 1085 1084 1082 1081 1080 1080 1079 1079 1079
1011 1001 993 984 975 965 955 966 976 984 990 994 996 997 999 1001 1007 1014 1021 1026 1028 1025 1020 1014 1008 1005 1005 1010 1017 1026 1034 1040 1045 1050 1054 1059 1062 1063 1062 1058 1051 1043 1034 1025 1017 1011 1008 1007 1008 1009 1010 1010 1010 1010 1010 1009 1008 1007 1005 1005 1006 1006 1007 1009 1013 1017 1023 1030 1038 1045 1052 1059 1066 1072 1077 1083 1087 1090 1091 1091 1090 1088 1086 1084 1083 1081 1080 1080 1079 1079 1078
1014 1004 994 985 975 964 953 960 967 973 978 981 983 984 985 987 991 997 1002 1006 1006 1003 998 992 987 985 987 992 1000 1009 1018 1024 1029 1034 1039 1045 1050 1053 1054 1052 1047 1039 1030 1020 1011 1005 1002 1003 1005 1007 1008 1008 1007 1007 1006 1006 1005 1004 1002 1003 1003 1004 1006 1009 1014 1020 1027 1034 1042 1049 1057 1064 1070 1076 1081 1086 1090 1092 1093 1093 1091 1089 1087 1085 1083 1082 1081 1080 1079 1078 1077
1017 1007 997 986 976 964 949 954 958 961 965 968 971 972 972 973 976 980 984 986 986 983 978 972 969 967 970 975 984 992 1000 1007 1013 1018 1024 1030 1036 1041 1044 1043 1039 1032 1023 1013 1004 997 995 998 1002 1005 1006 1006 1005 1004 1003 1002 1001 1001 1000 1000 1001 1003 1005 1010 1015 1022 1030 1038 1046 1054 1062 1069 1075 1080 1085 1089 1093 1095 1095 1094 1093 1090 1088 1086 1084 1082 1081 1080 1079 1078 1077
1022 1011 1000 989 979 966 948 948 947 946 952 955 958 959 959 959 960 963 966 967 966 964 959 955 952 951 954 960 968 976 984 991 997 1002 1008 1015 1021 1027 1030 1031 1028 1021 1013 1003 994 986 983 990 999 1004 1005 1004 1002 1001 999 998 998 997 997 998 999 1001 1005 1011 1017 1025 1033 1042 1050 1058 1066 1073 1079 1085 1089 1093 1096 1097 1097 1096 1094 1091 1089 1087 1085 1083 1081 1080 1078 1077 1076
1028 1016 1005 995 985 975 962 948 951 946 943 941 946 946 944 943 943 946 948 949 948 945 942 938 935 935 939 945 953 961 969 975 981 987 993 999 1005 1011 1015 1016 1014 1009 1001 991 981 971 961 980 994 1001 1003 1002 999 997 995 994 993 993 994 995 997 1001 1005 1012 1019 1028 1037 1045 1054 1062 1070 1077 1083 1089 1093 1096 1098 1099 1098 1097 1094 1092 1089 1087 1085 1083 1081 1080 1078 1077 1076
1034 1022 1012 1003 994 986 978 969 965 959 952 941 938 935 929 926 923 931 932 931 929 927 923 920 918 918 923 929 938 946 953 961 967 973 978 984 989 994 998 1000 999 995 988 978 967 956 949 970 987 996 999 998 995 991 989 987 987 989 991 993 996 1000 1006 1013 1021 1031 1040 1049 1057 1065 1073 1080 1087 1092 1097 1100 1101 1101 1100 1098 1095 1092 1090 1087 1085 1083 1081 1079 1078 1076 1075
1040 1030 1020 1012 1005 999 992 985 979 973 966 959 954 949 943 936 923 921 916 913 910 907 904 901 899 896 906 913 921 929 938 945 952 958 964 968 973 978 982 985 985 982 975 964 952 938 938 962 979 988 991 990 987 983 980 979 980 984 988 990 994 999 1006 1014 1023 1033 1042 1051 1060 1068 1075 1083 1089 1095 1099 1102 1103 1103 1101 1099 1096 1094 1091 1088 1086 1083 1081 1079 1078 1076 1075
1048 1038 1030 1023 1017 1012 1005 998 992 986 980 974 969 964 959 952 944 939 934 929 925 921 917 913 907 896 894 893 903 910 920 929 937 944 949 954 958 962 966 970 971 969 962 952 940 926 937 955 970 978 980 979 976 972 969 968 971 980 985 987 992 999 1007 1015 1025 1035 1044 1053 1061 1069 1077 1084 1091 1096 1101 1104 1105 1105 1103 1101 1098 1095 1093 1090 1087 1084 1082 1080 1078 1076 1074
1056 1047 1040 1034 1029 1024 1017 1010 1004 999 994 989 985 980 975 969 963 957 950 945 939 934 930 925 918 909 902 893 889 884 900 912 922 929 934 939 943 946 951 955 958 956 950 941 929 917 931 946 958 965 967 965 961 957 954 953 959 980 980 981 988 997 1006 1016 1026 1036 1045 1053 1061 1069 1077 1084 1091 1097 1102 1105 1107 1107 1106 1103 1101 1098 1095 1092 1089 1086 1083 1080 1078 1076 1074
1065 1057 1051 1046 1040 1035 1028 1022 1016 1012 1008 1004 1001 997 992 986 980 973 967 960 953 947 941 934 926 917 908 900 895 884 883 896 906 914 919 924 927 931 935 940 943 942 937 928 918 907 921 934 945 951 951 949 944 940 937 934 931 923 951 967 981 994 1005 1015 1025 1035 1044 1053 1061 1068 1076 1083 1090 1096 1101 1105 1108 1109 1108 1106 1103 1100 1097 1094 1090 1087 1084 1081 1078 1076 1074
1075 1068 1062 1057 1051 1045 1038 1033 1028 1025 1021 1019 1016 1012 1007 1002 996 989 981 973 965 957 948 939 929 919 911 901 901 893 881 881 892 900 905 908 911 915 919 923 925 925 921 914 906 898 909 921 929 934 934 932 927 924 920 916 911 901 931 954 973 988 1001 1012 1023 1033 1042 1051 1059 1066 1074 1081 1088 1094 1099 1104 1108 1110 1110 1108 1106 1103 1099 1096 1092 1088 1085 1082 1079 1076 1074
1085 1079 1073 1066 1060 1054 1048 1043 1040 1037 1034 1032 1029 1025 1021 1015 1008 1001 993 984 974 963 952 941 930 918 913 907 910 906 896 880 880 887 890 892 894 898 902 904 905 905 902 897 892 888 895 905 912 916 916 914 911 907 904 901 895 890 918 942 962 979 994 1007 1019 1029 1039 1047 1055 1063 1070 1077 1084 1090 1097 1102 1107 1110 1111 1110 1107 1104 1101 1097 1093 1089 1085 1082 1079 1076 1074
1094 1088 1082 1075 1068 1062 1057 1053 1050 1047 1045 1042 1039 1035 1030 1024 1017 1009 1000 990 978 965 952 940 930 930 929 927 927 923 913 898 879 878 877 876 874 881 883 883 882 881 879 878 875 870 878 886 892 896 897 896 894 891 889 886 880 880 906 929 949 968 984 999 1012 1024 1034 1042 1050 1058 1065 1072 1080 1087 1093 1100 1105 1109 1110 1110 1108 1106 1102 1098 1094 1090 1086 1082 1079 1076 1074
1101 1095 1089 1082 1075 1069 1064 1060 1057 1055 1052 1049 1045 1041 1035 1029 1021 1012 1001 989 975 960 947 935 935 942 944 944 943 939 931 920 907 900 894 887 874 868 864 862 857 855 853 859 857 853 858 865 871 875 876 876 875 874 873 872 869 879 896 915 934 953 971 987 1002 1016 1027 1036 1044 1052 1060 1068 1075 1082 1090 1096 1102 1107 1109 1109 1108 1106 1103 1099 1095 1090 1086 1082 1079 1076 1073
1105 1099 1093 1086 1079 1073 1068 1064 1061 1058 1054 1050 1046 1041 1034 1027 1019 1009 996 981 966 949 941 941 950 956 959 960 959 955 948 938 928 920 911 902 891 882 873 862 857 858 851 848 840 837 834 844 848 853 856 856 855 855 856 857 858 871 886 902 919 937 955 973 990 1005 1019 1029 1039 1047 1055 1063 1071 1079 1086 1093 1099 1104 1107 1108 1108 1106 1104 1100 1095 1090 1086 1082 1078 1075 1073
1105 1099 1093 1086 1080 1074 1069 1064 1060 1056 1052 1047 1041 1036 1028 1020 1012 1001 986 967 957 949 957 962 968 972 973 974 972 969 962 954 945 936 927 917 906 895 884 869 869 869 864 860 853 846 834 828 825 833 835 834 832 831 835 839 846 860 875 890 904 920 938 956 975 993 1009 1022 1033 1043 1052 1060 1068 1076 1083 1090 1097 1102 1105 1107 1108 1106 1104 1100 1095 1090 1086 1081 1078 1075 1072
1103 1096 1089 1083 1077 1071 1065 1060 1055 1050 1044 1038 1032 1026 1018 1008 1001 991 976 967 971 972 977 981 984 986 987 987 986 982 977 969 960 951 941 930 920 909 898 888 886 883 879 874 867 859 850 840 824 819 815 810 807 798 810 817 835 849 864 877 891 905 922 940 960 980 998 1014 1028 1039 1049 1058 1066 1073 1081 1088 1095 1100 1104 1106 1107 1106 1104 1100 1096 1090 1085 1081 1077 1074 1072
1098 1091 1084 1078 1071 1065 1059 1053 1047 1040 1032 1025 1019 1012 1004 990 988 985 976 983 988 991 995 997 999 1000 1000 1000 999 996 992 984 976 966 955 944 933 922 911 911 904 900 895 889 883 875 867 857 847 840 833 825 814 798 789 781 824 838 852 865 878 891 907 925 945 966 987 1005 1021 1035 1046 1055 1063 1071 1079 1086 1093 1098 1102 1105 1106 1106 1104 1101 1096 1091 1086 1081 1077 1074 1072
1094 1086 1079 1072 1065 1058 1051 1044 1036 1028 1015 1010 1004 999 993 990 998 1000 998 1001 1005 1008 1010 1012 1013 1013 1014 1014 1014 1013 1009 1003 994 983 971 958 945 937 911 921 921 918 913 907 900 892 883 875 866 858 850 840 827 811 795 780 805 825 840 853 866 879 894 911 931 952 974 995 1014 1029 1042 1052 1061 1069 1077 1084 1091 1096 1101 1104 1106 1105 1104 1100 1096 1091 1086 1081 1077 1074 1072
1089 1081 1074 1067 1059 1052 1044 1034 1023 1019 1015 1019 1018 1016 1014 1013 1015 1016 1016 1018 1020 1023 1025 1026 1026 1027 1028 1030 1031 1032 1030 1025 1016 1004 989 972 953 937 938 942 942 938 934 927 918 909 899 891 882 874 865 854 840 821 799 773 793 812 828 841 854 867 881 898 918 939 961 983 1004 1022 1036 1048 1058 1066 1074 1082 1088 1094 1099 1102 1104 1104 1103 1100 1096 1091 1086 1081 1077 1074 1071
