resources/Input/dem_stazioni.asc
ncols        226
nrows        352
xllcorner    1677280.000000000000
yllcorner    5075260.000000000000
cellsize     20.000000000000
NODATA_value  -9999
[rows 205 to 245 of 352, columns 91 to 181 of 226]
834 844 853 863 872 881 890 899 908 916 925 934 943 953 962 971 981 993 1005 1020 1033 1043 1049 1051 1047 1041 1034 1027 1019 1011 1002 996 991 989 988 985 978 967 954 943 934 928 924 921 917 914 909 904 897 889 881 872 863 854 845 836 827 816 805 794 783 772 762 752 743 733 723 714 706 699 694 690 684 679 671 663 652 640 626 610 595 578 561 545 528 510 493 475 456 458 462
824 835 845 856 865 873 881 889 897 905 912 921 930 939 947 956 965 976 990 1005 1020 1032 1040 1043 1041 1034 1025 1016 1007 998 989 982 977 974 971 968 961 951 939 928 919 913 909 905 901 897 892 887 881 875 868 860 853 846 838 830 821 812 801 790 779 768 757 747 736 726 716 706 698 691 686 682 677 672 665 657 647 635 621 606 590 574 558 542 525 509 492 474 455 455 461
815 826 837 848 857 864 872 878 885 893 900 908 917 925 933 941 950 961 975 990 1006 1020 1030 1035 1034 1028 1017 1006 996 986 977 969 963 958 954 949 942 932 922 913 905 899 894 890 885 881 877 872 867 861 854 848 842 835 829 822 814 806 797 786 775 764 753 741 730 719 708 698 689 682 676 671 667 662 656 648 639 628 615 600 585 569 553 538 522 506 489 472 454 454 460
805 816 828 838 847 854 860 866 873 881 888 896 904 912 920 928 937 948 961 976 992 1007 1019 1027 1028 1022 1011 999 987 976 966 958 950 943 937 930 922 914 906 898 891 886 881 876 871 867 863 858 853 847 841 835 829 823 818 812 806 799 791 781 771 760 749 737 726 714 702 691 681 673 666 660 655 650 644 638 629 619 607 594 579 564 548 533 518 502 486 470 453 453 459
794 805 817 827 835 841 847 853 860 868 877 885 892 899 907 915 925 936 949 963 979 994 1008 1018 1021 1016 1006 993 980 968 957 948 939 930 921 913 905 897 890 884 878 873 868 863 859 854 850 845 840 834 828 821 816 810 805 801 796 790 783 775 765 755 745 733 722 710 698 686 675 665 657 650 644 638 632 626 619 610 599 587 573 558 543 528 513 498 483 468 453 453 459
783 793 804 813 820 826 832 839 847 856 865 873 880 888 896 904 914 925 938 952 967 983 998 1009 1014 1011 1002 988 975 962 950 939 928 918 908 899 890 883 876 871 865 861 856 851 846 842 837 833 828 821 815 808 802 797 792 788 784 779 774 766 758 749 740 729 718 707 695 683 671 659 650 641 633 627 620 614 608 600 591 580 567 553 539 524 509 494 480 466 452 452 458
771 780 789 798 805 811 817 825 834 844 853 861 869 877 885 894 904 915 928 942 957 973 988 1000 1007 1006 998 985 971 957 944 932 919 907 897 887 878 871 864 859 854 849 844 839 834 829 825 820 815 809 802 795 789 783 778 775 771 767 763 756 749 741 733 724 715 705 693 681 668 656 645 634 625 617 610 604 598 591 583 573 562 549 535 520 505 491 477 466 456 452 458
759 767 774 782 789 795 802 811 821 831 841 849 857 866 875 885 895 907 920 934 950 965 981 993 1001 1001 994 982 968 954 940 926 912 899 887 877 868 860 854 847 842 837 832 827 821 816 812 808 803 797 791 783 776 770 765 761 758 755 751 745 739 732 725 717 710 702 692 680 668 655 642 630 620 610 602 595 588 582 575 566 557 545 532 518 503 488 475 464 456 451 457
746 753 759 766 772 779 787 797 808 818 828 837 846 855 865 876 888 900 914 928 944 960 975 987 995 997 991 980 967 952 937 922 907 894 881 870 861 852 844 837 831 825 819 814 809 804 799 795 791 786 780 773 765 758 752 748 745 742 739 734 728 722 715 710 704 697 689 679 668 655 642 629 617 606 596 588 580 574 567 559 551 542 530 516 501 486 473 463 456 450 457
733 738 744 750 757 764 773 784 795 806 817 826 835 846 857 869 882 895 909 924 940 955 970 982 990 992 988 978 965 951 936 921 906 891 878 866 856 846 836 827 820 813 807 802 796 791 787 783 780 776 770 763 755 747 740 736 733 730 728 724 718 711 705 700 696 691 685 677 667 655 642 628 616 603 592 582 574 566 559 552 545 537 526 514 499 485 472 462 454 450 457
719 724 730 736 743 752 761 773 784 795 806 816 827 838 851 864 878 893 907 922 938 953 967 978 985 988 984 975 963 950 936 921 906 891 877 865 853 841 830 820 810 803 796 790 784 780 775 772 769 765 761 754 746 737 730 724 721 719 716 713 707 701 695 690 687 683 679 673 664 653 641 628 615 602 590 579 569 560 553 546 539 532 522 511 498 484 471 460 449 450 456
706 711 717 724 732 741 752 763 775 786 798 809 821 833 847 862 877 893 908 923 938 953 966 976 982 983 979 971 960 948 935 921 906 891 877 864 852 839 827 815 804 794 786 779 773 768 764 760 757 755 751 745 737 728 720 714 709 707 705 701 696 690 685 680 676 673 670 666 659 650 640 627 615 602 589 577 566 557 548 540 533 526 517 507 496 483 471 460 448 451 456
693 699 706 713 722 732 744 756 768 780 792 805 818 831 846 862 878 894 910 925 940 953 965 974 978 979 975 967 957 946 933 920 905 891 877 864 851 839 826 813 800 788 778 770 763 758 753 749 746 744 741 736 728 719 710 703 698 695 693 690 685 680 674 669 665 662 660 657 652 645 636 625 613 601 588 576 565 555 545 536 528 520 512 503 493 482 470 459 448 451 455
682 688 696 705 715 726 737 750 763 776 790 804 818 832 848 864 880 896 912 927 941 954 964 972 975 974 970 963 953 943 931 917 903 889 875 862 850 838 825 811 798 785 773 763 755 748 742 738 734 732 729 724 717 709 700 693 687 683 681 678 674 669 664 658 654 650 648 645 642 637 629 620 610 599 587 576 565 554 544 534 525 516 508 499 489 479 469 458 447 449 453
670 679 689 699 710 721 733 747 761 775 790 805 820 835 850 866 882 898 914 928 941 953 963 968 971 969 965 958 949 939 927 914 899 885 872 859 848 836 824 810 796 782 769 758 748 740 733 727 722 719 716 712 706 698 690 682 676 671 668 665 662 658 653 648 643 639 635 633 630 627 621 614 605 595 585 574 564 554 544 533 523 513 504 495 486 477 467 457 447 446 452
659 671 683 695 707 718 727 746 761 776 791 806 822 837 852 868 884 899 914 928 940 951 959 964 966 964 959 953 944 934 923 909 895 880 867 855 844 832 821 807 793 779 766 754 743 733 724 717 711 707 703 699 693 686 678 671 665 660 656 653 650 647 642 637 632 627 624 621 619 616 611 605 598 589 580 571 562 553 543 533 522 512 502 493 484 476 466 457 446 446 451
645 665 680 694 707 720 733 748 763 778 793 808 824 839 854 869 884 899 913 926 938 948 955 959 961 959 954 948 939 930 918 904 890 875 862 850 838 827 815 802 789 775 762 750 739 728 718 709 702 696 691 686 681 674 667 660 653 648 644 641 638 635 631 626 621 616 612 609 606 604 600 595 589 581 573 565 558 549 541 531 521 510 500 491 483 475 466 458 450 446 449
648 665 680 696 710 724 738 753 767 781 795 810 824 839 854 869 883 898 911 923 934 943 949 954 956 955 950 944 935 925 913 899 885 871 857 844 833 821 808 796 784 771 759 747 736 724 713 704 695 688 681 675 668 662 655 649 643 637 633 629 626 623 619 615 610 605 601 597 594 592 588 584 578 572 565 558 551 544 536 527 517 507 498 490 481 473 465 458 451 445 445
651 667 684 700 715 729 743 757 770 783 797 810 824 838 853 867 881 895 907 919 929 937 944 949 952 952 948 941 933 922 909 894 881 868 854 841 828 815 800 791 781 769 757 746 734 722 711 701 691 682 672 663 656 650 644 639 633 627 623 619 615 611 607 603 599 595 590 586 583 580 576 572 567 561 554 548 542 536 528 521 512 503 495 487 478 469 463 457 451 445 444
653 670 687 704 719 733 747 760 773 785 797 810 823 836 850 864 877 890 902 913 923 931 940 946 951 952 948 941 932 921 906 886 879 867 854 841 827 811 787 788 781 770 759 747 734 723 712 701 691 680 663 650 644 639 633 631 624 618 614 610 604 599 595 592 588 584 579 575 572 568 564 560 555 550 544 538 532 526 520 513 506 498 491 484 472 462 460 457 450 446 444
656 673 690 706 721 735 748 761 773 785 796 808 821 833 846 859 872 885 896 907 917 927 936 945 951 952 950 943 934 923 910 896 884 871 858 844 831 818 804 796 787 776 764 751 739 727 716 705 695 684 673 662 654 645 633 628 614 607 608 603 593 586 582 580 577 573 569 565 562 558 554 549 544 540 534 528 522 516 511 506 500 493 489 485 465 462 462 457 447 444 444
657 674 690 705 719 733 746 759 771 782 793 805 817 829 842 854 866 878 890 901 912 923 934 944 951 954 952 946 937 927 915 903 890 877 864 851 839 828 817 807 797 785 772 759 746 734 722 712 701 691 681 672 662 653 643 634 624 617 611 605 597 588 579 571 567 563 558 557 552 549 546 540 535 531 525 519 509 506 502 500 494 487 486 485 477 472 467 461 453 444 443
658 673 687 701 715 728 741 754 766 777 788 800 812 824 836 848 860 872 884 896 908 921 933 944 953 957 955 950 942 933 922 910 898 885 873 860 849 839 829 819 808 796 782 768 755 742 730 719 709 699 689 679 670 660 650 641 632 623 616 608 600 593 586 579 573 567 558 552 543 542 542 530 527 525 518 515 509 511 509 507 503 499 496 491 485 479 473 465 456 448 441
656 669 681 694 707 720 733 747 760 772 783 795 807 819 830 841 855 868 881 893 907 920 933 945 954 959 959 955 948 939 929 918 906 894 882 871 861 852 842 832 821 808 794 779 765 752 739 728 716 706 696 686 676 666 656 646 637 629 621 613 605 599 593 587 581 575 568 561 555 551 546 537 527 523 518 521 519 518 517 515 513 509 504 498 491 483 475 467 457 449 441
651 662 672 684 696 709 722 739 754 767 780 792 805 816 826 830 851 866 880 893 907 920 934 947 957 963 964 961 955 947 937 926 915 904 893 883 874 865 856 845 833 819 805 789 775 761 748 736 724 713 703 692 682 671 661 651 642 634 626 618 612 606 601 596 590 584 578 571 565 560 554 548 541 536 532 531 529 528 526 525 522 518 511 504 495 485 475 466 456 448 440
641 651 661 673 685 697 706 731 750 765 779 793 805 818 829 840 854 868 882 895 908 922 936 949 959 966 969 967 962 954 945 934 924 913 904 895 887 878 869 857 844 830 815 800 785 771 757 744 732 721 710 699 688 677 666 656 648 640 632 626 620 616 611 607 602 596 589 583 577 571 565 559 554 549 546 543 541 539 537 534 530 524 516 507 496 485 474 463 454 446 440
625 638 646 663 674 688 702 730 750 767 782 796 809 821 834 846 859 873 886 898 912 925 939 952 962 970 973 973 969 962 953 943 933 924 915 907 899 891 881 868 854 840 825 809 794 780 766 753 740 728 717 705 694 683 672 663 655 647 641 635 631 627 624 620 615 609 602 596 589 583 578 572 567 563 559 556 553 551 548 543 537 529 519 507 495 483 471 460 451 444 439
625 642 656 670 684 699 715 735 754 771 786 800 813 826 839 852 865 877 890 902 915 928 942 954 965 973 977 978 975 969 961 952 943 934 926 919 912 903 892 879 864 849 834 819 804 790 775 761 748 736 723 712 700 690 680 672 664 657 652 647 644 640 637 634 629 623 617 610 604 598 592 586 581 576 572 569 565 562 557 550 541 531 519 507 494 480 468 457 449 443 439
631 648 664 678 692 707 724 742 759 776 791 805 818 831 844 856 869 881 893 905 917 930 944 956 967 975 980 982 980 975 969 961 953 945 938 931 923 914 902 889 874 859 843 828 813 798 783 769 755 742 730 718 708 698 690 683 676 670 665 661 658 655 653 649 645 639 633 626 619 613 606 600 594 589 585 580 576 570 564 555 544 532 519 505 491 478 465 454 447 442 439
636 654 670 685 700 715 731 748 764 780 794 808 821 834 847 859 871 883 894 905 917 930 944 956 967 976 982 984 984 981 975 969 962 955 948 941 933 924 912 898 883 868 852 837 821 806 790 775 761 748 736 725 716 708 702 696 690 685 680 676 674 672 669 666 662 656 650 643 635 628 620 613 607 601 595 589 583 576 568 557 545 531 517 503 489 475 462 452 445 441 439
640 658 674 690 705 721 736 752 767 782 796 809 822 835 848 859 871 881 892 903 915 928 941 954 966 975 981 985 986 984 980 974 969 963 957 950 942 933 921 907 892 876 860 844 829 813 797 781 767 754 743 734 726 720 715 711 706 700 696 692 690 688 686 683 679 674 667 659 651 642 633 625 617 609 602 595 587 579 569 557 544 530 516 501 487 473 460 451 444 440 438
643 661 677 693 708 723 738 753 767 781 795 808 821 834 845 857 867 877 887 898 910 923 937 950 962 972 979 984 986 984 981 977 972 968 963 957 949 940 928 914 899 883 867 851 835 819 803 788 774 761 751 743 737 732 728 725 721 716 712 709 707 705 703 700 696 690 683 674 664 654 643 633 623 614 606 597 588 578 567 556 543 529 515 500 486 472 459 450 443 439 436
645 663 679 693 708 722 736 749 763 777 791 804 817 829 840 851 860 869 879 890 903 916 931 945 957 967 975 980 982 981 978 975 972 969 966 961 954 945 933 919 904 888 872 856 840 825 809 795 782 770 761 753 748 745 742 739 735 731 727 725 723 721 718 715 710 704 695 685 674 662 649 638 626 616 605 595 585 575 564 553 540 527 513 499 485 472 459 450 443 438 435
647 663 678 691 704 717 730 743 756 770 785 798 811 822 832 842 850 859 869 881 894 909 923 938 951 961 969 974 976 975 973 970 968 967 965 962 956 948 936 922 907 891 876 861 846 831 817 803 791 780 771 765 760 757 755 752 749 745 742 739 737 735 731 727 721 713 704 692 680 666 653 639 627 615 603 592 581 570 560 549 537 525 512 499 485 472 460 450 442 437 435
647 662 675 686 697 709 721 733 747 762 776 790 801 812 822 831 839 848 859 872 886 901 917 932 944 955 962 966 967 966 964 963 962 962 962 960 956 949 938 925 911 895 880 866 852 838 825 813 801 791 783 777 773 770 768 765 762 758 755 752 749 746 742 736 729 719 708 695 682 667 653 639 625 612 599 587 576 565 555 545 534 523 511 498 486 473 461 450 441 435 435
645 658 669 679 689 699 711 723 737 752 766 779 790 800 810 819 828 837 848 863 879 895 912 926 939 947 953 956 956 955 953 952 953 955 956 957 954 949 940 928 914 900 886 873 860 847 834 823 812 803 795 790 785 782 779 776 772 769 765 762 759 755 749 742 733 722 710 696 681 666 651 637 623 609 596 583 571 560 550 540 530 519 508 497 485 473 461 449 439 434 434
640 652 661 670 679 689 700 712 726 740 754 767 777 787 797 807 816 826 837 855 874 892 908 923 934 941 944 945 944 942 941 941 942 945 948 951 950 947 941 931 919 906 893 880 868 856 844 834 824 816 809 802 797 793 788 784 780 776 772 768 765 760 754 746 735 723 709 695 679 664 649 635 621 607 593 580 568 556 546 535 525 515 505 495 484 473 460 447 433 434 438
634 643 652 659 668 677 688 701 714 728 741 753 764 774 785 796 807 816 820 849 870 890 907 921 930 934 935 933 931 929 928 929 931 935 939 943 945 944 941 934 924 912 901 889 877 866 855 845 836 829 821 814 807 801 794 788 783 778 774 770 766 761 755 746 735 722 708 693 678 663 648 634 620 607 593 579 566 554 542 531 521 511 501 491 481 470 459 446 433 433 438
625 634 641 648 656 666 676 688 701 714 727 738 749 759 772 786 800 814 828 849 870 889 906 919 926 928 926 922 918 916 915 916 919 923 929 934 938 940 940 936 928 919 908 898 887 876 866 857 848 840 832 823 814 805 797 789 782 776 771 767 763 759 752 744 733 721 706 692 677 662 649 635 622 608 594 580 566 553 541 529 517 506 496 487 477 467 456 445 433 432 437
615 623 630 637 645 654 664 676 688 701 713 724 732 740 760 778 796 812 830 850 870 889 905 917 923 922 917 911 906 903 903 904 907 912 918 924 930 935 937 936 932 924 915 906 896 886 876 867 858 849 839 829 818 807 796 787 778 771 765 761 757 752 747 739 730 718 705 691 677 664 651 638 625 611 597 582 567 553 540 527 515 503 492 482 472 463 453 443 432 432 436
605 612 619 626 633 642 653 665 677 689 701 711 717 710 748 772 793 812 831 850 870 888 904 914 918 915 908 900 894 891 890 892 896 901 907 914 921 928 933 935 933 927 920 912 904 894 885 875 865 855 843 831 818 805 793 782 773 765 758 753 748 744 739 732 724 714 702 690 677 665 653 640 628 614 600 584 569 554 540 526 513 500 488 477 468 459 450 441 432 432 435
