resources/Input/dem_stazioni.asc
ncols        226
nrows        352
xllcorner    1677280.000000000000
yllcorner    5075260.000000000000
cellsize     20.000000000000
NODATA_value  -9999
[rows 246 to 286 of 352, columns 0 to 90 of 226]
660 660 660 659 658 655 651 645 640 635 632 629 625 619 630 638 642 641 636 647 658 669 679 689 700 711 721 731 741 752 765 778 793 808 823 837 852 866 880 891 900 905 905 900 892 881 869 856 842 828 814 799 785 772 761 750 739 728 719 710 703 697 692 686 680 673 663 652 639 624 608 590 572 553 536 518 499 482 469 468 482 496 511 525 536 546 554 563 571 579 587
652 651 651 652 651 649 645 640 634 629 625 622 619 616 624 631 634 633 630 642 653 663 674 684 695 706 717 727 737 748 761 774 789 805 820 835 849 864 877 890 899 905 905 901 893 882 869 856 842 828 814 800 787 775 764 754 745 736 728 720 714 708 701 694 686 677 667 655 641 626 610 592 574 556 538 520 503 487 475 468 476 490 504 517 527 536 545 553 561 569 577
644 643 643 644 644 643 640 635 629 623 619 616 614 612 618 623 625 625 625 636 648 659 669 680 691 703 714 724 734 745 757 771 786 802 817 832 847 862 875 888 897 903 904 900 892 881 868 855 841 828 814 801 788 777 767 759 751 743 736 729 722 715 708 699 690 680 668 655 641 626 610 593 575 557 538 521 504 490 477 466 466 482 496 507 518 527 535 543 551 559 567
636 635 635 636 636 635 633 629 623 618 613 610 607 607 610 614 615 614 614 631 644 655 665 676 688 700 711 722 732 743 755 769 784 800 816 831 845 860 874 886 895 901 902 897 889 878 866 852 839 826 813 800 789 779 770 762 755 748 741 734 727 719 710 701 690 679 667 653 639 624 609 592 574 556 538 520 504 490 479 470 466 477 488 498 508 517 526 534 542 550 558
627 626 626 627 628 628 626 623 618 612 607 603 599 595 601 603 603 603 616 629 641 652 663 674 685 698 709 721 731 742 754 768 783 799 815 830 844 859 872 884 893 899 899 894 886 875 862 849 836 823 811 799 788 779 771 764 757 750 743 735 727 719 709 699 688 676 664 650 635 621 605 589 572 553 535 517 500 488 478 469 465 471 480 489 499 508 517 526 535 543 552
619 616 615 616 618 620 619 617 612 607 601 596 593 590 592 593 593 605 617 629 641 651 662 673 685 697 709 720 731 742 754 768 783 799 814 829 843 858 871 883 892 896 896 891 882 871 858 845 833 820 808 796 786 777 770 763 757 750 742 734 725 715 705 695 684 672 659 646 631 616 601 585 568 548 528 511 490 484 478 469 464 464 472 481 490 500 509 519 528 537 548
612 607 603 605 608 611 612 610 606 601 595 590 587 585 585 582 593 605 618 630 641 652 663 674 685 697 709 721 732 744 755 768 783 799 814 829 843 857 870 882 890 894 893 888 878 867 855 842 829 816 804 793 783 775 768 762 755 748 739 730 721 710 700 689 678 667 654 641 627 612 597 581 562 539 518 509 490 492 488 480 472 462 462 473 483 492 502 512 523 534 546
605 598 586 592 597 601 604 603 600 594 588 583 579 575 575 582 593 606 618 631 642 654 665 676 688 700 712 723 735 746 757 770 784 799 814 828 842 856 869 880 889 892 891 885 875 864 852 839 826 813 801 790 781 773 766 759 752 745 736 727 716 705 694 683 672 661 650 637 623 609 595 579 558 527 518 516 509 505 499 491 481 470 461 468 477 486 497 507 519 532 546
600 592 580 580 585 591 595 595 593 588 581 576 570 569 563 580 593 606 619 632 645 657 669 680 692 704 716 727 738 749 760 771 784 799 814 828 842 856 868 879 887 891 889 883 873 862 850 837 823 810 798 787 778 770 762 756 749 742 733 723 713 701 689 676 667 657 646 634 622 608 595 580 564 547 536 529 522 515 507 498 487 475 461 460 472 482 493 505 518 531 547
596 589 580 572 572 581 586 588 585 581 574 568 559 559 568 581 594 607 621 634 647 660 673 685 697 709 721 732 743 753 762 773 785 799 813 827 842 855 868 879 887 890 888 882 872 861 849 836 822 808 796 785 775 767 760 753 746 738 730 721 710 699 686 667 664 656 645 634 622 610 598 585 572 558 548 539 530 522 512 501 489 476 464 460 470 480 492 504 518 533 548
591 586 579 571 566 573 579 580 578 574 568 562 555 562 571 582 595 608 622 636 650 664 677 691 703 715 727 738 748 757 766 775 786 798 812 827 841 855 868 879 887 890 888 882 872 861 848 835 822 808 795 784 774 765 757 750 743 736 728 719 709 699 687 675 666 657 646 635 624 613 601 589 577 565 554 544 534 524 513 501 489 474 458 458 470 480 492 505 519 534 549
586 581 575 567 561 566 571 572 571 567 561 556 552 561 571 583 596 610 624 638 652 667 682 696 709 721 733 744 753 762 769 777 787 799 812 827 841 854 868 879 887 890 888 882 873 861 849 836 822 809 796 784 774 765 756 749 741 734 726 718 709 699 689 679 669 658 647 637 626 614 603 591 580 568 557 546 535 524 512 499 486 472 457 462 471 481 493 507 521 535 550
579 576 570 561 548 558 563 565 564 560 555 548 548 560 571 584 597 611 625 640 655 670 685 700 714 727 738 749 759 767 774 781 790 801 813 827 841 855 868 879 887 891 889 883 874 863 851 838 824 810 797 786 775 766 757 749 742 734 727 718 710 701 692 682 671 660 647 637 626 614 602 591 580 568 557 546 534 522 510 496 482 468 456 463 472 483 495 509 522 536 551
573 571 565 557 545 551 556 558 557 553 549 543 550 560 572 584 597 612 627 642 657 672 688 703 718 731 743 755 764 772 779 786 794 804 816 828 842 855 868 880 888 892 891 885 876 865 853 840 826 813 800 788 777 768 759 751 743 736 729 721 713 704 695 685 674 661 644 637 626 613 598 588 578 567 555 543 532 519 506 492 478 464 454 464 474 485 498 512 526 540 554
568 566 561 553 543 546 549 551 550 547 543 538 549 560 572 584 598 613 628 643 659 674 690 706 721 735 747 759 768 777 784 791 799 808 818 830 843 856 869 881 889 893 893 888 879 868 856 843 829 815 802 790 779 769 761 753 746 739 732 725 717 709 700 690 679 667 653 641 628 611 589 585 576 564 552 540 527 514 501 488 473 454 454 464 476 488 502 517 531 546 561
562 561 557 549 538 538 542 544 544 542 539 535 548 560 572 585 599 614 630 646 661 676 692 708 723 737 750 762 772 781 788 795 803 811 821 832 845 857 870 882 890 895 895 891 882 871 858 844 831 817 804 792 780 771 762 754 748 741 735 729 722 714 705 695 684 672 659 645 631 616 600 588 576 563 549 535 519 506 495 484 471 459 452 465 478 492 508 523 539 554 569
556 556 553 547 538 532 536 538 538 536 534 532 547 561 574 587 601 617 633 648 663 678 694 709 724 738 752 763 774 783 791 799 806 814 824 835 846 859 871 883 891 896 897 893 885 873 860 846 831 818 805 792 781 771 762 755 749 743 737 732 725 718 709 700 689 676 663 649 634 620 605 591 577 563 547 530 506 496 489 479 468 458 451 466 481 497 514 530 547 563 578
551 551 549 544 537 529 531 533 533 531 528 528 547 562 576 590 605 621 636 651 666 681 695 710 725 738 751 763 774 784 793 800 808 816 826 836 848 860 872 884 892 897 898 894 886 874 860 846 831 818 805 792 781 771 762 755 748 743 738 733 727 720 712 702 691 679 665 651 636 622 607 593 578 563 547 530 512 496 486 475 462 455 450 467 484 501 519 536 553 569 585
545 546 544 540 533 527 527 528 528 527 524 535 549 565 580 594 609 625 640 655 669 683 697 711 724 738 750 761 772 782 791 799 807 816 826 837 848 861 873 884 892 898 899 895 886 874 860 845 831 817 804 792 780 770 761 753 746 741 735 730 725 719 711 702 691 679 665 651 636 622 607 592 577 562 547 531 514 499 486 473 449 449 450 468 486 504 522 540 557 573 589
540 540 539 535 528 519 522 524 524 523 521 536 552 567 582 598 613 629 643 657 671 685 698 711 724 736 746 757 767 776 786 795 804 814 824 836 848 860 872 883 892 897 898 894 885 872 858 843 829 816 803 791 779 768 759 750 742 736 730 725 720 714 707 698 688 676 663 649 635 620 605 590 575 560 545 530 514 498 481 459 448 448 456 470 487 506 524 542 558 574 590
535 535 533 529 523 519 519 520 519 518 518 537 553 569 585 600 616 631 645 659 673 686 699 711 722 732 741 750 759 768 778 787 798 809 820 832 845 858 870 881 889 894 895 891 882 870 856 841 828 814 802 790 778 767 756 747 738 731 724 718 713 707 700 693 684 673 660 647 632 617 602 587 572 558 543 528 513 497 481 465 452 448 455 470 487 506 524 542 558 573 588
529 529 527 523 516 516 516 515 515 513 524 539 555 570 585 601 616 631 646 660 673 686 698 708 718 727 734 742 750 759 768 779 790 802 815 827 840 853 866 877 885 890 891 887 878 866 853 839 826 813 801 789 778 766 755 744 735 726 718 711 705 699 692 685 677 668 657 644 630 615 600 585 570 556 541 526 511 496 481 468 456 448 447 467 486 505 523 540 555 570 583
524 522 520 517 514 513 512 511 510 510 525 540 555 570 585 600 615 630 645 658 672 684 694 703 711 719 725 732 740 749 759 771 783 795 808 821 835 848 860 871 879 884 885 881 873 862 850 837 824 812 800 789 778 766 755 743 733 723 714 705 698 691 684 677 670 662 653 641 628 614 599 585 571 556 541 526 510 495 481 469 458 451 446 465 483 502 519 536 551 564 577
519 516 513 510 510 509 508 506 507 514 527 541 555 569 584 599 613 628 642 655 667 678 687 695 702 709 715 723 731 741 752 763 776 789 802 815 828 841 853 863 871 876 878 875 868 858 847 834 822 811 800 789 778 767 756 744 733 723 712 702 693 685 677 670 663 656 648 639 627 614 601 588 574 559 544 528 512 496 482 469 460 452 445 462 479 497 514 530 544 556 568
515 511 506 506 506 505 503 499 499 514 527 540 553 567 581 595 610 623 636 649 660 670 678 685 691 698 705 714 723 734 745 758 771 784 797 809 822 834 845 854 861 867 869 868 862 854 844 832 821 810 800 789 779 768 757 746 735 724 713 702 692 682 672 664 656 650 643 636 626 616 604 592 579 565 549 532 515 498 484 471 460 452 444 460 475 491 507 522 536 548 559
512 507 502 503 502 501 499 496 504 515 527 538 551 564 577 591 605 618 630 641 651 659 667 673 680 688 696 705 716 728 740 753 766 779 792 805 816 827 836 844 851 856 859 859 856 849 840 830 820 809 799 789 779 769 758 748 737 726 715 703 692 681 670 660 651 644 638 632 625 617 607 597 584 570 554 537 520 502 487 473 462 452 444 457 470 485 500 514 527 539 550
508 501 501 500 499 498 495 495 505 515 525 536 547 559 572 586 599 611 622 631 640 648 656 663 670 679 688 699 710 723 736 749 763 776 789 800 811 819 827 833 839 845 848 850 848 843 836 827 818 808 798 789 779 769 759 748 738 727 716 705 693 681 669 657 647 639 633 628 623 617 609 600 588 574 558 542 524 507 490 475 463 452 443 454 466 479 492 506 519 531 542
506 500 500 498 496 494 494 498 504 513 522 532 543 554 566 579 591 603 613 622 630 638 646 654 662 671 682 693 706 719 732 746 760 773 785 796 805 812 817 822 827 832 836 839 839 836 830 823 815 806 797 787 778 768 758 748 738 728 717 706 694 681 668 656 644 635 628 623 619 615 609 600 589 575 561 545 528 511 494 477 463 449 442 452 462 474 486 499 512 523 535
505 502 499 497 493 491 490 496 503 511 519 528 538 548 559 571 583 593 603 611 620 628 637 646 655 666 677 689 702 715 729 742 756 770 782 792 799 803 807 810 813 818 823 826 828 827 823 818 811 803 794 785 776 766 756 747 737 727 717 706 694 681 668 654 642 631 622 617 613 610 605 597 587 574 561 546 530 513 496 479 461 441 442 450 459 469 481 493 506 518 530
505 502 499 498 493 491 489 495 501 508 516 524 533 542 552 563 573 583 593 602 610 619 629 639 650 661 673 685 698 711 725 739 752 766 777 786 792 795 796 797 800 804 808 813 815 816 814 810 805 798 790 781 772 763 754 744 735 725 715 704 693 680 667 653 640 628 618 611 606 603 599 593 584 572 560 546 531 514 497 480 461 441 443 448 456 466 477 490 503 515 526
505 503 500 498 494 491 488 493 499 505 512 519 527 536 545 554 564 574 583 592 601 611 622 633 645 656 669 681 694 707 720 734 747 760 771 780 784 785 785 785 786 789 794 798 802 804 804 802 798 793 785 777 769 759 750 741 732 722 712 702 691 678 665 651 638 625 614 605 600 596 593 587 580 570 558 545 531 515 498 481 462 440 440 445 453 463 475 488 501 513 524
505 503 500 497 494 490 486 491 496 502 508 515 522 530 538 547 555 565 574 583 593 604 616 628 640 652 664 676 689 701 715 728 741 753 764 771 775 775 774 773 773 776 780 784 788 792 793 793 791 786 780 773 764 756 746 737 728 718 708 698 687 676 663 650 636 623 611 601 594 590 586 581 575 567 557 545 531 516 499 483 466 450 440 439 451 461 474 487 500 511 522
504 502 500 497 493 489 485 489 494 498 504 510 517 524 532 540 548 557 566 576 587 598 610 623 635 647 659 671 683 695 708 721 734 746 755 762 765 764 762 761 761 763 766 770 775 779 781 783 782 779 774 767 759 751 742 733 723 714 704 694 684 673 661 648 635 622 609 598 590 584 579 575 570 564 555 545 531 516 500 484 469 455 445 439 449 460 472 485 498 509 518
503 501 499 496 492 488 482 486 491 495 500 505 512 519 527 535 543 551 561 571 581 593 605 618 631 643 655 666 678 690 702 715 727 738 746 751 754 753 751 749 749 751 754 757 761 765 769 771 772 770 766 760 753 744 735 727 718 709 700 691 681 671 659 647 634 621 608 596 587 579 573 569 565 560 553 544 531 516 500 484 470 457 447 438 447 458 471 484 495 505 512
500 499 496 494 490 486 481 484 487 491 496 501 507 515 522 530 538 547 556 566 577 589 602 615 628 640 651 662 673 685 697 709 720 729 736 741 742 741 739 737 737 738 741 744 748 752 756 759 760 760 757 752 745 736 728 719 711 703 695 687 679 669 658 646 633 620 608 595 584 575 568 563 559 555 550 542 530 516 500 484 470 457 447 437 444 456 469 481 491 500 506
498 496 494 492 489 484 477 481 484 488 492 497 503 510 518 526 535 544 553 564 575 587 599 612 625 637 648 659 670 681 692 703 713 720 726 729 730 729 727 725 725 727 729 732 735 738 742 745 747 747 745 741 734 727 719 711 703 696 690 683 676 667 656 645 632 620 607 594 583 572 564 557 552 549 545 538 528 515 499 483 469 456 446 437 437 453 467 478 487 494 500
496 494 492 490 487 483 477 477 481 485 488 493 499 506 514 522 531 541 551 562 573 585 598 610 623 635 645 656 666 676 686 696 704 711 715 717 717 716 714 712 712 714 717 720 722 724 727 730 732 733 731 728 723 716 709 702 695 688 682 677 670 663 653 642 630 618 605 593 581 570 560 552 546 542 539 533 525 512 498 482 468 455 446 439 436 451 464 475 483 489 493
495 493 491 489 486 482 479 476 479 481 485 489 494 501 509 518 528 539 549 561 572 584 596 608 620 631 641 651 660 669 679 688 695 701 704 705 704 703 701 699 700 702 705 708 709 711 712 714 716 717 716 714 710 705 700 693 686 679 673 668 662 656 647 637 626 614 602 591 580 568 558 548 541 535 532 527 520 509 495 481 466 454 445 439 435 449 461 471 478 483 487
495 493 491 488 485 482 479 475 476 478 480 484 490 496 505 514 525 536 547 559 571 582 593 604 614 625 634 644 653 661 670 679 686 691 693 692 691 689 687 685 686 689 693 696 697 697 698 699 700 701 701 699 697 694 691 685 678 670 663 657 652 646 639 630 619 608 598 587 577 566 555 545 536 529 525 520 514 505 493 479 465 454 445 439 435 447 458 466 473 477 481
496 493 491 488 485 481 478 474 473 474 475 479 484 491 500 510 521 533 545 557 568 579 589 598 607 617 626 635 644 652 661 669 676 681 682 681 678 675 673 671 672 675 679 683 684 684 683 684 684 685 685 685 685 684 682 678 671 662 654 647 640 634 628 620 610 600 591 582 573 563 553 542 532 524 518 513 507 500 489 477 464 453 445 439 434 444 453 460 466 470 474
496 494 491 488 484 481 478 475 473 471 468 473 479 486 495 505 517 529 541 553 563 573 581 590 598 607 616 625 634 643 652 660 667 671 671 669 665 661 658 656 656 659 664 668 669 669 669 669 669 669 670 671 673 674 674 671 665 656 646 637 629 622 616 608 600 591 582 575 567 559 549 539 528 519 511 505 501 494 486 476 464 454 445 439 433 441 447 453 458 463 467
