resources/Input/dem_stazioni.asc
ncols        226
nrows        352
xllcorner    1677280.000000000000
yllcorner    5075260.000000000000
cellsize     20.000000000000
NODATA_value  -9999
[rows 0 to 40 of 352, columns 0 to 90 of 226]
1770 1776 1781 1785 1786 1783 1776 1767 1758 1758 1757 1756 1755 1751 1745 1735 1720 1702 1683 1664 1646 1629 1611 1591 1574 1557 1544 1528 1516 1507 1495 1483 1471 1459 1446 1432 1417 1401 1384 1366 1350 1340 1337 1336 1332 1327 1320 1312 1304 1296 1287 1291 1292 1293 1294 1296 1301 1307 1313 1317 1316 1310 1298 1283 1268 1276 1284 1293 1300 1306 1307 1305 1301 1304 1308 1311 1313 1313 1313 1313 1311 1306 1299 1289 1276 1261 1248 1262 1282 1302 1321
1761 1767 1773 1777 1779 1777 1771 1762 1753 1746 1745 1745 1744 1742 1736 1728 1715 1698 1680 1662 1645 1628 1610 1593 1576 1560 1544 1530 1516 1504 1488 1477 1463 1453 1441 1428 1413 1397 1380 1361 1348 1324 1324 1324 1321 1315 1308 1300 1291 1282 1282 1281 1282 1283 1284 1286 1290 1295 1302 1306 1307 1304 1294 1280 1261 1261 1270 1280 1288 1295 1297 1295 1288 1288 1292 1295 1296 1296 1296 1296 1295 1291 1284 1273 1258 1240 1240 1262 1282 1300 1318
1753 1760 1766 1771 1773 1772 1766 1757 1747 1733 1733 1732 1732 1730 1727 1719 1708 1694 1678 1660 1643 1626 1609 1592 1577 1561 1543 1528 1514 1500 1486 1474 1463 1449 1434 1423 1408 1393 1376 1348 1348 1331 1317 1314 1310 1303 1295 1286 1278 1271 1268 1269 1271 1273 1274 1276 1279 1284 1290 1295 1298 1296 1290 1279 1266 1255 1255 1267 1277 1284 1287 1286 1281 1276 1277 1280 1281 1281 1279 1279 1278 1275 1268 1257 1244 1232 1245 1263 1281 1299 1316
1746 1754 1761 1767 1769 1768 1762 1753 1742 1730 1719 1719 1719 1718 1715 1710 1701 1689 1674 1658 1641 1622 1606 1589 1576 1564 1538 1525 1509 1497 1483 1469 1455 1440 1434 1421 1403 1388 1381 1374 1355 1336 1311 1306 1300 1291 1282 1272 1263 1258 1250 1256 1260 1263 1265 1267 1270 1274 1279 1284 1288 1288 1284 1277 1266 1255 1244 1256 1266 1273 1277 1276 1270 1259 1259 1263 1265 1265 1263 1262 1261 1257 1250 1238 1225 1225 1245 1263 1280 1297 1313
1741 1749 1757 1763 1765 1764 1758 1749 1738 1726 1715 1706 1706 1706 1704 1699 1692 1683 1670 1656 1639 1617 1601 1589 1579 1566 1548 1531 1509 1494 1479 1464 1448 1440 1435 1425 1411 1398 1387 1376 1362 1346 1329 1318 1309 1299 1290 1280 1271 1261 1250 1244 1249 1254 1257 1259 1261 1264 1268 1273 1277 1279 1277 1272 1263 1251 1238 1247 1255 1263 1267 1267 1261 1252 1243 1247 1249 1249 1247 1245 1243 1238 1230 1218 1218 1232 1248 1264 1280 1296 1311
1734 1743 1752 1759 1762 1760 1754 1745 1734 1722 1709 1693 1693 1693 1691 1688 1683 1675 1666 1654 1641 1625 1611 1598 1586 1572 1556 1539 1522 1506 1491 1476 1462 1451 1442 1430 1417 1404 1392 1380 1366 1352 1338 1327 1316 1305 1295 1285 1275 1264 1252 1238 1238 1244 1249 1252 1253 1255 1258 1262 1266 1269 1269 1265 1258 1246 1232 1237 1244 1251 1256 1257 1252 1240 1222 1229 1233 1233 1232 1229 1225 1220 1210 1210 1222 1236 1251 1266 1281 1295 1310
1726 1736 1746 1753 1757 1756 1750 1741 1730 1717 1705 1691 1681 1681 1680 1677 1673 1667 1660 1652 1641 1630 1618 1605 1593 1579 1564 1548 1532 1516 1501 1486 1472 1460 1448 1435 1422 1408 1395 1381 1368 1354 1341 1329 1318 1307 1296 1286 1276 1265 1253 1241 1233 1235 1241 1244 1246 1246 1248 1251 1255 1258 1259 1257 1251 1240 1224 1224 1230 1238 1244 1246 1242 1231 1211 1211 1217 1218 1216 1213 1209 1206 1202 1212 1226 1240 1254 1268 1282 1295 1309
1716 1727 1737 1746 1750 1750 1745 1736 1725 1713 1700 1685 1669 1669 1668 1666 1663 1659 1654 1648 1640 1631 1621 1610 1598 1585 1570 1555 1539 1523 1508 1493 1479 1465 1452 1438 1425 1410 1396 1382 1368 1354 1339 1328 1318 1304 1293 1283 1273 1263 1251 1239 1228 1223 1231 1236 1238 1238 1238 1240 1243 1246 1248 1248 1244 1235 1223 1212 1212 1224 1232 1235 1232 1224 1211 1200 1203 1204 1201 1197 1192 1193 1193 1213 1229 1243 1258 1271 1284 1296 1308
1705 1716 1727 1736 1741 1741 1737 1729 1719 1707 1694 1681 1668 1657 1658 1656 1653 1649 1646 1642 1636 1629 1621 1612 1601 1589 1576 1561 1545 1529 1512 1497 1482 1468 1455 1441 1427 1412 1397 1383 1369 1353 1332 1326 1319 1304 1295 1283 1269 1260 1247 1235 1224 1217 1223 1228 1229 1229 1228 1228 1230 1233 1236 1237 1235 1229 1220 1210 1201 1213 1220 1223 1222 1216 1205 1191 1191 1190 1186 1180 1169 1184 1199 1216 1232 1247 1261 1274 1285 1296 1306
1694 1704 1714 1723 1729 1731 1728 1721 1711 1700 1688 1676 1665 1656 1651 1647 1643 1640 1637 1634 1630 1625 1619 1611 1602 1591 1579 1565 1549 1533 1516 1500 1485 1471 1457 1443 1429 1414 1399 1385 1371 1357 1343 1332 1322 1310 1298 1285 1269 1260 1241 1228 1217 1213 1215 1218 1219 1219 1218 1217 1217 1219 1223 1225 1225 1221 1214 1206 1196 1204 1210 1212 1211 1207 1198 1188 1181 1177 1171 1169 1169 1186 1203 1219 1234 1249 1263 1275 1285 1294 1302
1683 1692 1702 1710 1716 1718 1716 1711 1703 1692 1682 1671 1660 1651 1644 1638 1633 1629 1627 1624 1621 1618 1614 1608 1601 1592 1581 1568 1553 1536 1520 1504 1488 1474 1459 1445 1431 1417 1403 1389 1376 1362 1350 1338 1327 1314 1302 1288 1275 1262 1249 1236 1223 1208 1202 1207 1208 1208 1206 1205 1204 1206 1209 1212 1213 1211 1207 1200 1191 1196 1200 1202 1200 1196 1189 1178 1166 1166 1153 1157 1173 1189 1205 1221 1236 1251 1263 1274 1282 1289 1296
1672 1681 1690 1697 1703 1705 1704 1700 1693 1684 1674 1664 1655 1645 1637 1630 1624 1619 1616 1614 1612 1609 1606 1603 1597 1590 1581 1569 1555 1540 1523 1508 1492 1477 1463 1448 1434 1420 1406 1393 1380 1367 1355 1343 1331 1318 1305 1292 1279 1267 1255 1243 1231 1217 1202 1199 1195 1196 1194 1193 1192 1191 1194 1197 1200 1200 1197 1192 1187 1189 1191 1192 1190 1185 1177 1166 1156 1148 1153 1164 1177 1192 1207 1222 1237 1250 1261 1270 1277 1282 1288
1663 1671 1679 1685 1690 1692 1692 1688 1683 1675 1667 1658 1649 1639 1630 1622 1615 1610 1606 1603 1601 1600 1598 1596 1592 1586 1579 1569 1557 1542 1527 1512 1496 1481 1466 1452 1438 1424 1410 1397 1384 1371 1358 1346 1333 1321 1308 1295 1283 1271 1260 1249 1239 1228 1216 1206 1190 1185 1180 1181 1178 1176 1177 1181 1185 1186 1185 1183 1182 1181 1182 1183 1181 1175 1166 1153 1141 1148 1156 1167 1180 1193 1208 1222 1236 1248 1257 1264 1268 1273 1278
1654 1661 1668 1675 1679 1681 1680 1677 1672 1666 1659 1651 1642 1633 1624 1615 1607 1601 1596 1593 1591 1590 1589 1587 1585 1581 1575 1567 1556 1544 1530 1515 1501 1485 1470 1455 1441 1427 1414 1400 1387 1374 1361 1348 1336 1323 1310 1298 1286 1275 1264 1254 1245 1236 1227 1217 1206 1195 1180 1174 1165 1158 1155 1165 1170 1172 1171 1169 1170 1170 1172 1174 1172 1166 1155 1137 1137 1147 1157 1168 1181 1194 1208 1221 1233 1243 1251 1256 1259 1263 1267
1645 1653 1659 1665 1668 1670 1669 1667 1663 1658 1651 1643 1635 1626 1616 1607 1599 1592 1587 1583 1581 1580 1579 1578 1576 1573 1568 1562 1553 1543 1531 1518 1504 1489 1474 1459 1444 1431 1417 1404 1390 1377 1364 1350 1337 1324 1311 1299 1288 1277 1266 1257 1249 1242 1235 1227 1217 1207 1195 1186 1177 1167 1155 1152 1156 1157 1154 1151 1149 1154 1159 1163 1163 1158 1148 1134 1136 1145 1156 1168 1180 1193 1207 1219 1229 1237 1243 1246 1249 1252 1257
1638 1645 1651 1656 1659 1661 1660 1658 1655 1649 1643 1635 1627 1618 1608 1599 1590 1583 1577 1574 1571 1570 1569 1568 1566 1564 1560 1555 1548 1540 1531 1519 1506 1492 1477 1462 1448 1434 1420 1406 1393 1379 1365 1352 1338 1325 1312 1299 1288 1277 1267 1258 1251 1244 1238 1231 1223 1215 1206 1196 1186 1175 1162 1149 1146 1143 1136 1131 1129 1139 1145 1151 1153 1150 1141 1126 1126 1141 1154 1166 1179 1192 1204 1215 1224 1230 1234 1236 1238 1242 1247
1631 1637 1643 1647 1651 1652 1652 1650 1647 1642 1635 1627 1618 1609 1599 1590 1581 1574 1568 1564 1562 1560 1559 1558 1556 1553 1550 1546 1541 1535 1527 1518 1507 1493 1479 1464 1450 1436 1422 1408 1394 1380 1367 1353 1339 1325 1311 1298 1286 1275 1265 1256 1248 1241 1235 1229 1224 1217 1210 1201 1190 1179 1168 1157 1151 1145 1139 1134 1129 1127 1127 1137 1142 1141 1135 1127 1124 1138 1151 1164 1176 1189 1201 1211 1218 1222 1225 1226 1228 1231 1237
1624 1630 1635 1639 1642 1644 1644 1642 1639 1633 1626 1618 1609 1599 1590 1581 1572 1565 1559 1555 1552 1550 1549 1547 1545 1543 1540 1536 1532 1528 1521 1514 1504 1492 1479 1465 1451 1437 1423 1409 1395 1381 1367 1353 1338 1323 1309 1296 1283 1271 1260 1250 1242 1234 1228 1222 1218 1214 1208 1199 1189 1178 1169 1160 1153 1146 1140 1135 1129 1124 1116 1127 1131 1131 1128 1121 1121 1135 1148 1161 1174 1186 1197 1205 1210 1213 1214 1216 1218 1222 1227
1618 1623 1627 1631 1634 1636 1636 1634 1631 1625 1618 1609 1600 1590 1580 1571 1563 1556 1550 1546 1543 1541 1539 1537 1534 1531 1529 1525 1522 1518 1513 1507 1499 1489 1477 1464 1451 1437 1422 1408 1394 1381 1367 1352 1337 1321 1306 1291 1278 1266 1254 1241 1235 1223 1217 1211 1207 1208 1202 1193 1181 1171 1164 1158 1151 1144 1139 1134 1128 1122 1120 1120 1121 1122 1121 1120 1124 1134 1145 1158 1170 1181 1191 1198 1202 1203 1204 1205 1208 1212 1217
1614 1616 1620 1623 1626 1627 1628 1626 1623 1617 1610 1600 1591 1581 1571 1563 1555 1548 1542 1538 1535 1532 1529 1526 1523 1520 1517 1514 1511 1507 1503 1498 1492 1483 1473 1461 1448 1434 1420 1406 1392 1379 1365 1350 1334 1317 1302 1285 1272 1260 1247 1241 1242 1236 1229 1220 1207 1204 1195 1185 1167 1158 1158 1154 1146 1139 1135 1132 1125 1122 1120 1112 1110 1112 1112 1110 1120 1130 1142 1154 1165 1176 1184 1189 1191 1192 1193 1195 1198 1202 1208
1610 1611 1613 1616 1618 1619 1620 1618 1615 1609 1601 1592 1582 1572 1563 1555 1547 1541 1535 1531 1527 1523 1520 1516 1513 1509 1506 1502 1499 1495 1491 1487 1482 1476 1468 1457 1444 1430 1416 1402 1389 1376 1362 1347 1329 1311 1298 1285 1282 1275 1267 1260 1256 1249 1241 1231 1218 1204 1188 1181 1167 1170 1169 1165 1158 1150 1144 1138 1132 1127 1122 1116 1110 1105 1106 1105 1115 1126 1138 1149 1160 1169 1175 1179 1181 1181 1182 1184 1188 1193 1199
1607 1607 1607 1609 1610 1611 1612 1610 1607 1601 1593 1584 1574 1564 1555 1548 1541 1535 1529 1524 1519 1514 1510 1506 1502 1498 1494 1490 1486 1482 1478 1474 1471 1467 1460 1451 1440 1427 1413 1399 1386 1373 1359 1342 1321 1298 1298 1298 1296 1290 1283 1275 1268 1260 1251 1241 1228 1216 1205 1196 1189 1186 1182 1177 1169 1161 1152 1145 1138 1132 1125 1118 1111 1105 1101 1104 1112 1122 1133 1144 1154 1161 1166 1169 1170 1171 1172 1175 1178 1183 1189
1605 1603 1602 1602 1603 1604 1604 1602 1598 1592 1584 1575 1566 1557 1549 1542 1535 1529 1523 1518 1512 1506 1501 1497 1492 1487 1483 1478 1473 1468 1464 1461 1459 1456 1452 1445 1436 1424 1411 1397 1384 1371 1356 1338 1313 1313 1313 1313 1310 1304 1296 1288 1279 1270 1261 1250 1239 1228 1219 1211 1206 1201 1196 1189 1180 1171 1161 1152 1144 1137 1129 1121 1113 1105 1096 1096 1106 1116 1127 1138 1147 1153 1157 1159 1160 1161 1162 1165 1169 1174 1180
1604 1600 1597 1596 1596 1596 1595 1593 1588 1582 1575 1566 1558 1549 1542 1536 1530 1524 1518 1512 1505 1499 1493 1487 1482 1476 1471 1465 1459 1454 1449 1447 1446 1445 1443 1439 1432 1422 1410 1398 1384 1371 1356 1340 1329 1328 1329 1328 1323 1316 1308 1299 1290 1280 1271 1261 1250 1241 1233 1226 1220 1215 1208 1200 1191 1180 1169 1159 1150 1142 1133 1124 1114 1106 1099 1091 1100 1110 1121 1131 1139 1145 1149 1150 1151 1151 1153 1155 1159 1164 1170
1603 1597 1592 1589 1588 1587 1585 1582 1578 1572 1565 1557 1549 1542 1536 1530 1525 1519 1513 1506 1499 1492 1485 1478 1472 1465 1459 1452 1446 1439 1435 1433 1433 1434 1434 1432 1428 1420 1410 1399 1386 1372 1357 1339 1339 1343 1344 1342 1336 1328 1319 1310 1300 1291 1282 1272 1263 1255 1247 1240 1234 1228 1220 1211 1200 1189 1177 1166 1156 1146 1137 1127 1114 1108 1102 1091 1095 1103 1112 1122 1130 1136 1139 1141 1142 1142 1144 1146 1150 1155 1160
1601 1594 1587 1582 1580 1578 1575 1572 1568 1562 1555 1548 1542 1535 1530 1524 1519 1514 1507 1501 1493 1486 1477 1469 1462 1454 1447 1439 1432 1426 1422 1420 1421 1423 1424 1425 1422 1417 1410 1401 1389 1376 1360 1348 1353 1358 1358 1355 1348 1340 1330 1321 1311 1302 1294 1285 1277 1269 1262 1255 1247 1240 1231 1220 1209 1196 1183 1171 1160 1151 1140 1127 1123 1116 1105 1084 1084 1093 1102 1111 1119 1125 1129 1131 1132 1133 1135 1137 1141 1146 1151
1598 1589 1581 1575 1571 1568 1566 1562 1558 1553 1547 1541 1535 1529 1523 1518 1513 1507 1501 1495 1487 1479 1470 1461 1452 1444 1435 1427 1419 1413 1409 1408 1409 1411 1414 1416 1416 1413 1409 1402 1393 1380 1361 1361 1368 1372 1372 1367 1360 1351 1342 1332 1323 1314 1306 1298 1290 1283 1275 1268 1260 1250 1240 1229 1216 1203 1188 1174 1162 1151 1148 1141 1135 1127 1115 1099 1084 1082 1090 1099 1106 1113 1118 1120 1122 1124 1126 1129 1132 1137 1142
1594 1585 1575 1568 1562 1559 1556 1553 1549 1545 1540 1534 1528 1522 1517 1511 1506 1501 1495 1488 1481 1473 1463 1454 1444 1434 1424 1415 1407 1401 1397 1396 1397 1400 1403 1406 1407 1408 1406 1403 1397 1387 1373 1378 1384 1386 1384 1379 1371 1363 1353 1344 1335 1326 1318 1311 1303 1295 1287 1279 1270 1260 1249 1237 1224 1209 1193 1173 1162 1163 1160 1154 1146 1136 1124 1109 1094 1082 1077 1085 1091 1098 1104 1108 1111 1114 1117 1120 1123 1128 1133
1589 1580 1570 1561 1555 1550 1547 1544 1541 1538 1534 1528 1522 1516 1510 1504 1499 1494 1488 1481 1474 1465 1456 1446 1436 1425 1415 1405 1397 1390 1386 1385 1386 1388 1391 1395 1398 1400 1402 1402 1401 1397 1393 1395 1398 1398 1395 1390 1382 1374 1365 1356 1347 1338 1330 1322 1315 1306 1298 1289 1279 1269 1259 1247 1233 1214 1193 1189 1183 1178 1172 1164 1155 1144 1131 1115 1098 1084 1076 1073 1071 1083 1091 1096 1100 1104 1107 1110 1114 1119 1125
1585 1576 1566 1557 1549 1543 1539 1536 1534 1531 1528 1523 1517 1510 1504 1498 1492 1487 1481 1474 1467 1458 1449 1439 1428 1417 1407 1396 1388 1381 1376 1375 1375 1377 1380 1383 1388 1392 1396 1400 1402 1404 1404 1406 1408 1408 1405 1400 1393 1386 1377 1368 1359 1350 1342 1333 1325 1316 1307 1298 1288 1279 1268 1257 1244 1230 1216 1208 1199 1192 1183 1173 1162 1150 1135 1116 1096 1079 1076 1075 1071 1070 1078 1084 1089 1093 1097 1100 1105 1110 1117
1583 1574 1564 1555 1546 1539 1533 1530 1527 1524 1522 1517 1512 1505 1498 1492 1486 1480 1474 1467 1460 1451 1442 1432 1421 1410 1399 1389 1379 1372 1368 1365 1365 1366 1369 1373 1378 1384 1391 1397 1402 1406 1409 1412 1414 1414 1413 1409 1403 1396 1388 1380 1371 1362 1353 1344 1335 1325 1316 1307 1297 1288 1278 1268 1256 1244 1233 1222 1212 1202 1192 1180 1168 1154 1136 1115 1088 1088 1084 1080 1075 1068 1068 1073 1076 1081 1086 1090 1095 1101 1108
1583 1575 1566 1556 1546 1538 1531 1525 1521 1518 1515 1511 1506 1500 1493 1487 1481 1475 1468 1461 1454 1445 1435 1425 1414 1403 1392 1381 1372 1364 1360 1357 1356 1357 1360 1364 1370 1378 1385 1393 1400 1405 1410 1413 1416 1417 1417 1414 1410 1405 1398 1391 1382 1373 1363 1354 1344 1334 1325 1316 1307 1298 1289 1279 1268 1256 1245 1233 1222 1211 1199 1186 1173 1157 1138 1115 1096 1094 1090 1085 1079 1070 1065 1062 1060 1068 1074 1079 1085 1091 1099
1587 1579 1571 1560 1550 1540 1531 1524 1518 1514 1509 1505 1500 1495 1489 1483 1477 1470 1464 1457 1449 1439 1429 1418 1407 1396 1384 1373 1364 1357 1352 1350 1349 1350 1353 1358 1364 1372 1381 1389 1397 1403 1407 1411 1414 1416 1417 1416 1414 1410 1406 1399 1392 1383 1373 1363 1353 1344 1334 1326 1317 1308 1299 1288 1277 1266 1254 1242 1230 1218 1206 1193 1178 1161 1140 1109 1109 1102 1095 1088 1085 1068 1065 1064 1056 1056 1062 1067 1073 1080 1089
1594 1587 1578 1567 1556 1544 1534 1525 1517 1511 1505 1500 1495 1490 1484 1478 1473 1467 1461 1454 1445 1434 1423 1411 1399 1387 1375 1365 1356 1350 1346 1344 1343 1344 1347 1352 1359 1368 1377 1385 1393 1398 1402 1405 1408 1411 1413 1414 1414 1412 1409 1405 1399 1391 1382 1373 1363 1353 1344 1335 1326 1317 1307 1296 1285 1273 1261 1249 1237 1225 1212 1199 1185 1168 1150 1130 1119 1108 1097 1085 1085 1081 1077 1072 1064 1052 1050 1055 1060 1067 1076
1604 1597 1587 1576 1563 1550 1538 1528 1519 1510 1503 1496 1490 1484 1479 1474 1468 1463 1457 1450 1440 1429 1416 1403 1391 1378 1367 1357 1349 1344 1340 1338 1338 1339 1342 1347 1355 1364 1373 1381 1387 1392 1395 1397 1400 1403 1406 1409 1410 1410 1409 1407 1402 1397 1389 1381 1372 1362 1353 1344 1335 1324 1313 1302 1289 1277 1265 1254 1242 1230 1218 1205 1191 1175 1159 1142 1127 1111 1099 1099 1097 1093 1089 1082 1074 1063 1050 1044 1042 1053 1061
1615 1607 1597 1584 1570 1556 1543 1532 1521 1511 1502 1493 1486 1480 1474 1468 1463 1457 1452 1444 1435 1423 1410 1396 1383 1370 1359 1350 1343 1338 1335 1334 1334 1335 1337 1342 1350 1359 1367 1375 1380 1384 1386 1388 1390 1393 1397 1401 1403 1405 1405 1405 1403 1399 1393 1387 1379 1370 1361 1351 1340 1329 1317 1304 1291 1278 1267 1256 1245 1233 1221 1208 1194 1180 1165 1149 1131 1109 1109 1110 1108 1105 1100 1093 1084 1074 1063 1053 1042 1040 1039
1628 1619 1607 1594 1578 1563 1549 1536 1524 1512 1502 1492 1483 1476 1469 1463 1457 1451 1445 1438 1428 1416 1403 1390 1376 1364 1354 1346 1339 1335 1332 1330 1330 1331 1333 1337 1344 1352 1360 1367 1371 1374 1376 1377 1379 1383 1387 1391 1394 1397 1398 1399 1399 1397 1394 1389 1383 1375 1366 1355 1344 1332 1319 1304 1288 1277 1266 1257 1247 1235 1222 1209 1196 1182 1169 1154 1136 1119 1121 1122 1119 1115 1109 1102 1093 1083 1073 1061 1050 1041 1038
1642 1631 1618 1603 1586 1570 1554 1540 1527 1515 1503 1492 1482 1474 1466 1458 1452 1445 1439 1431 1422 1410 1397 1384 1371 1360 1351 1343 1337 1333 1330 1328 1327 1327 1328 1332 1337 1344 1351 1357 1362 1365 1366 1367 1369 1372 1376 1380 1384 1387 1389 1391 1392 1392 1391 1388 1383 1376 1368 1357 1346 1334 1321 1304 1280 1272 1264 1257 1249 1235 1222 1208 1194 1183 1172 1161 1140 1140 1136 1133 1129 1124 1117 1109 1100 1090 1079 1066 1051 1035 1035
1656 1644 1629 1612 1594 1576 1560 1545 1531 1518 1506 1495 1484 1474 1465 1456 1448 1441 1434 1425 1416 1404 1392 1380 1368 1358 1350 1342 1336 1332 1328 1326 1325 1324 1324 1326 1330 1335 1342 1347 1352 1354 1356 1356 1358 1361 1364 1369 1372 1376 1378 1381 1382 1384 1384 1383 1380 1374 1367 1357 1347 1336 1324 1311 1295 1284 1274 1265 1255 1243 1231 1218 1206 1194 1183 1172 1160 1154 1149 1143 1137 1130 1122 1114 1104 1094 1082 1068 1051 1032 1038
1668 1655 1639 1621 1602 1583 1566 1551 1537 1523 1511 1499 1488 1477 1467 1457 1448 1439 1431 1422 1412 1401 1389 1378 1368 1358 1350 1343 1337 1332 1329 1326 1324 1322 1322 1322 1324 1328 1332 1337 1341 1344 1346 1346 1348 1350 1353 1357 1360 1364 1366 1369 1371 1373 1374 1374 1373 1369 1363 1355 1347 1338 1329 1318 1306 1295 1284 1273 1262 1251 1239 1227 1215 1205 1194 1184 1174 1166 1158 1151 1143 1135 1126 1117 1107 1096 1084 1069 1051 1029 1035
1678 1664 1648 1629 1609 1590 1573 1558 1544 1530 1518 1506 1494 1483 1472 1461 1451 1441 1431 1421 1411 1401 1390 1379 1370 1361 1353 1346 1340 1335 1330 1327 1324 1322 1321 1320 1320 1322 1324 1326 1330 1333 1335 1336 1338 1339 1342 1345 1348 1351 1353 1356 1358 1361 1363 1364 1363 1360 1356 1351 1346 1339 1332 1323 1314 1303 1292 1281 1270 1259 1247 1235 1224 1213 1203 1193 1183 1174 1165 1156 1147 1138 1129 1119 1109 1098 1086 1071 1053 1028 1027
