resources/Input/dtm_10.asc
NCOLS 387
NROWS 617
XLLCORNER 701280.0
YLLCORNER 5110160.0
CELLSIZE 10.0
NODATA_VALUE -9999
[rows 396 to 417 of 617, columns 98 to 146 of 387]
1611.41796875 1598.248046875 1587.238037109375 1577.1590576171875 1570.18896484375 1557.43994140625 1532.1800537109375 1512.4200439453125 1486.8809814453125 1480.1510009765625 1473.071044921875 1467.4620361328125 1461.06201171875 1454.001953125 1447.4630126953125 1441.4029541015625 1436.0340576171875 1431.303955078125 1426.56396484375 1422.2750244140625 1417.85498046875 1414.4749755859375 1411.426025390625 1407.446044921875 1403.4969482421875 1399.2869873046875 1395.116943359375 1390.64794921875 1386.66796875 1382.47802734375 1381.9189453125 1381.6190185546875 1379.009033203125 1380.0 1381.6500244140625 1381.6209716796875 1380.9610595703125 1378.531005859375 1377.33203125 1378.0419921875 1377.7320556640625 1377.5830078125 1380.1829833984375 1381.343017578125 1384.2640380859375 1387.7540283203125 1391.43505859375 1396.14501953125 1401.60498046875
1609.8179931640625 1600.3289794921875 1593.4090576171875 1582.2889404296875 1567.02001953125 1556.6700439453125 1520.31005859375 1491.1910400390625 1481.52099609375 1474.760986328125 1468.1219482421875 1462.302001953125 1456.512939453125 1449.8929443359375 1443.613037109375 1437.06396484375 1431.614013671875 1426.1839599609375 1421.875 1417.4749755859375 1413.405029296875 1409.9560546875 1406.8260498046875 1403.3270263671875 1399.3270263671875 1395.5570068359375 1391.47802734375 1387.3480224609375 1383.3580322265625 1379.3890380859375 1380.6390380859375 1377.4000244140625 1377.1800537109375 1377.550048828125 1379.4210205078125 1381.2110595703125 1380.0009765625 1378.531982421875 1376.842041015625 1375.9520263671875 1376.072998046875 1377.593017578125 1379.64404296875 1383.2740478515625 1386.9539794921875 1390.1949462890625 1393.7550048828125 1397.2449951171875 1400.7760009765625
1606.029052734375 1597.489013671875 1590.009033203125 1583.18994140625 1570.9599609375 1551.8499755859375 1499.1109619140625 1486.781005859375 1479.031982421875 1471.9119873046875 1464.7919921875 1458.1429443359375 1451.60302734375 1445.133056640625 1439.0040283203125 1432.6639404296875 1426.0140380859375 1421.14501953125 1416.14501953125 1412.5860595703125 1409.5860595703125 1405.865966796875 1402.116943359375 1398.0169677734375 1395.22705078125 1391.5179443359375 1387.998046875 1384.1689453125 1380.458984375 1377.1390380859375 1377.72998046875 1378.6300048828125 1375.8900146484375 1374.6610107421875 1377.240966796875 1379.0909423828125 1378.9620361328125 1377.9320068359375 1376.302978515625 1374.7230224609375 1373.8330078125 1375.7139892578125 1381.053955078125 1384.083984375 1387.7750244140625 1390.10498046875 1393.43505859375 1397.2259521484375 1400.0560302734375
1603.3389892578125 1593.8489990234375 1586.469970703125 1576.6199951171875 1563.490966796875 1552.9010009765625 1491.9010009765625 1484.8819580078125 1477.6820068359375 1470.56201171875 1462.9730224609375 1455.072998046875 1447.52294921875 1441.364013671875 1434.5240478515625 1428.2650146484375 1421.4649658203125 1416.4749755859375 1411.676025390625 1407.635986328125 1405.0760498046875 1402.0870361328125 1398.14697265625 1394.3170166015625 1390.657958984375 1387.748046875 1384.72900390625 1381.029052734375 1377.3690185546875 1376.0699462890625 1376.550048828125 1376.6700439453125 1375.4010009765625 1372.6009521484375 1374.362060546875 1375.802001953125 1376.1719970703125 1375.85302734375 1374.9630126953125 1372.85302734375 1373.053955078125 1376.4339599609375 1381.2540283203125 1383.7650146484375 1386.5050048828125 1388.946044921875 1391.9959716796875 1394.1259765625 1396.7969970703125
1604.6190185546875 1595.0899658203125 1588.1300048828125 1577.3709716796875 1567.6009521484375 1555.821044921875 1492.4620361328125 1485.2120361328125 1475.1219482421875 1467.9029541015625 1459.7230224609375 1452.404052734375 1445.593994140625 1437.6739501953125 1430.5150146484375 1424.4849853515625 1417.875 1412.615966796875 1407.0159912109375 1403.93603515625 1400.6669921875 1398.4169921875 1394.5679931640625 1390.998046875 1387.9580078125 1384.6490478515625 1381.3590087890625 1377.529052734375 1374.8900146484375 1374.6300048828125 1374.1710205078125 1373.6810302734375 1373.4010009765625 1371.81201171875 1373.3719482421875 1372.6619873046875 1373.873046875 1374.282958984375 1373.6629638671875 1370.614013671875 1372.583984375 1377.4150390625 1380.5250244140625 1383.875 1385.2159423828125 1386.2659912109375 1389.615966796875 1391.8470458984375 1394.197021484375
1597.3800048828125 1590.56005859375 1587.6109619140625 1582.4410400390625 1573.1109619140625 1562.741943359375 1507.001953125 1490.1529541015625 1483.4830322265625 1463.012939453125 1455.9840087890625 1448.404052734375 1442.5140380859375 1434.64501953125 1427.574951171875 1421.4749755859375 1414.9560546875 1409.39599609375 1403.5369873046875 1399.8470458984375 1397.47705078125 1394.238037109375 1392.0479736328125 1388.18798828125 1385.1689453125 1382.2989501953125 1378.8089599609375 1374.9300537109375 1372.8800048828125 1372.73095703125 1372.1710205078125 1373.8509521484375 1372.6920166015625 1370.6319580078125 1373.1719970703125 1371.1929931640625 1370.4730224609375 1372.614013671875 1372.154052734375 1370.0439453125 1371.2349853515625 1377.175048828125 1379.5350341796875 1380.946044921875 1383.595947265625 1385.5059814453125 1388.177001953125 1389.967041015625 1393.7879638671875
1586.010009765625 1578.31103515625 1576.970947265625 1579.990966796875 1571.011962890625 1558.4820556640625 1525.04296875 1486.302978515625 1474.0030517578125 1460.114013671875 1452.593994140625 1445.1939697265625 1438.405029296875 1432.10498046875 1424.7359619140625 1418.3759765625 1414.166015625 1407.5570068359375 1403.3370361328125 1398.0469970703125 1394.1080322265625 1391.2080078125 1388.468017578125 1385.5689697265625 1382.029052734375 1379.1199951171875 1376.260009765625 1373.449951171875 1371.470947265625 1370.1610107421875 1370.31103515625 1371.751953125 1370.511962890625 1369.9630126953125 1371.262939453125 1370.572998046875 1368.6739501953125 1370.823974609375 1370.5439453125 1367.2249755859375 1370.0849609375 1375.864990234375 1377.9759521484375 1380.406005859375 1381.89697265625 1384.987060546875 1388.3470458984375 1390.468017578125 1393.0479736328125
1561.3709716796875 1563.301025390625 1566.802001953125 1576.52197265625 1567.08203125 1554.29296875 1508.2230224609375 1479.633056640625 1470.5140380859375 1461.5439453125 1453.60400390625 1444.625 1437.2950439453125 1430.2060546875 1423.385986328125 1418.3260498046875 1412.5169677734375 1407.18701171875 1402.967041015625 1398.2080078125 1394.387939453125 1390.6290283203125 1386.958984375 1384.1290283203125 1380.4200439453125 1377.010009765625 1374.6500244140625 1372.010986328125 1370.0810546875 1368.56201171875 1369.1820068359375 1369.261962890625 1367.6429443359375 1369.4630126953125 1371.1429443359375 1368.9339599609375 1368.134033203125 1366.884033203125 1367.405029296875 1365.9649658203125 1369.14599609375 1374.4859619140625 1376.385986328125 1379.7869873046875 1383.126953125 1385.89697265625 1387.91796875 1390.68798828125 1394.8590087890625
1544.9110107421875 1549.1419677734375 1559.1920166015625 1568.4720458984375 1563.633056640625 1550.9129638671875 1521.863037109375 1479.843994140625 1465.9239501953125 1459.875 1452.175048828125 1443.9749755859375 1437.10595703125 1429.595947265625 1423.2960205078125 1418.0570068359375 1412.616943359375 1407.218017578125 1403.16796875 1399.677978515625 1396.4090576171875 1391.948974609375 1388.2490234375 1384.4599609375 1380.719970703125 1376.5999755859375 1373.801025390625 1369.52099609375 1368.2220458984375 1367.342041015625 1366.552001953125 1365.9830322265625 1366.6629638671875 1368.623046875 1369.0340576171875 1367.0040283203125 1366.1949462890625 1365.2750244140625 1364.6650390625 1365.0159912109375 1368.8060302734375 1373.64599609375 1376.876953125 1379.8470458984375 1382.1280517578125 1385.14794921875 1387.758056640625 1389.1290283203125 1391.5589599609375
1539.4620361328125 1536.2220458984375 1538.2020263671875 1554.843017578125 1549.5830078125 1542.4940185546875 1496.7840576171875 1478.593994140625 1466.3050537109375 1458.89501953125 1451.155029296875 1443.865966796875 1437.5159912109375 1430.10595703125 1424.64697265625 1419.5269775390625 1414.5679931640625 1408.6080322265625 1404.0479736328125 1399.8489990234375 1394.958984375 1390.698974609375 1387.489990234375 1383.4100341796875 1379.571044921875 1375.3709716796875 1372.1009521484375 1366.9219970703125 1365.77197265625 1365.3919677734375 1364.04296875 1362.9229736328125 1366.573974609375 1366.884033203125 1367.2340087890625 1366.324951171875 1364.2349853515625 1363.35498046875 1362.7960205078125 1365.43603515625 1369.0560302734375 1372.886962890625 1376.3070068359375 1378.238037109375 1380.5980224609375 1383.3780517578125 1383.0689697265625 1388.698974609375 1394.2989501953125
1553.302001953125 1528.6319580078125 1523.3330078125 1535.052978515625 1537.06396484375 1521.593994140625 1487.2540283203125 1477.425048828125 1467.3349609375 1459.5050048828125 1452.885986328125 1445.2459716796875 1438.7869873046875 1433.20703125 1426.3070068359375 1420.8680419921875 1415.6180419921875 1410.3079833984375 1404.5589599609375 1398.8590087890625 1392.699951171875 1388.3299560546875 1383.4599609375 1381.3809814453125 1378.1209716796875 1374.4110107421875 1371.10205078125 1365.2020263671875 1363.1519775390625 1363.4530029296875 1362.4530029296875 1361.9339599609375 1364.1939697265625 1364.1939697265625 1364.7449951171875 1364.39501953125 1363.0849609375 1360.60595703125 1361.1259765625 1364.3370361328125 1369.0469970703125 1371.386962890625 1374.6280517578125 1376.0179443359375 1378.5479736328125 1378.5389404296875 1383.259033203125 1387.4300537109375 1392.219970703125
1553.093017578125 1531.072998046875 1518.60302734375 1517.4139404296875 1518.614013671875 1499.6939697265625 1486.614990234375 1475.68505859375 1468.7060546875 1461.3160400390625 1454.2860107421875 1447.3270263671875 1440.967041015625 1434.0169677734375 1428.0679931640625 1422.41796875 1415.47802734375 1408.8690185546875 1402.8990478515625 1396.8399658203125 1391.1400146484375 1385.8399658203125 1381.98095703125 1378.571044921875 1375.02099609375 1372.531982421875 1369.4520263671875 1363.4129638671875 1361.2330322265625 1362.512939453125 1361.114013671875 1360.0439453125 1363.2039794921875 1362.364990234375 1362.10498046875 1361.845947265625 1361.5159912109375 1359.5760498046875 1361.447021484375 1364.89697265625 1367.5870361328125 1369.2879638671875 1371.998046875 1374.7490234375 1375.178955078125 1378.928955078125 1382.7099609375 1386.8699951171875 1390.25
1546.29296875 1534.52294921875 1520.7840576171875 1510.083984375 1505.7239990234375 1491.64501953125 1479.7049560546875 1472.2960205078125 1469.2459716796875 1462.8759765625 1455.927001953125 1448.626953125 1442.4969482421875 1435.43798828125 1428.697998046875 1421.3489990234375 1415.1290283203125 1407.8590087890625 1401.719970703125 1396.1400146484375 1390.300048828125 1385.6710205078125 1380.6409912109375 1376.35205078125 1373.0419921875 1371.1519775390625 1368.373046875 1363.633056640625 1360.0030517578125 1360.384033203125 1360.343994140625 1358.885009765625 1361.81494140625 1361.4749755859375 1360.865966796875 1361.0560302734375 1360.1259765625 1358.366943359375 1360.156982421875 1363.177001953125 1365.697998046875 1368.4580078125 1369.9990234375 1373.4990234375 1373.43896484375 1376.1500244140625 1379.8699951171875 1383.8399658203125 1387.73095703125
1543.1429443359375 1529.593994140625 1519.2039794921875 1511.7550048828125 1498.364990234375 1491.14501953125 1472.2559814453125 1469.8260498046875 1465.095947265625 1461.0369873046875 1456.4969482421875 1449.7879638671875 1442.6180419921875 1435.748046875 1428.97900390625 1422.8489990234375 1415.01904296875 1408.5 1401.75 1395.760009765625 1390.970947265625 1385.260986328125 1380.1820068359375 1375.33203125 1372.342041015625 1369.883056640625 1367.4329833984375 1364.0830078125 1360.323974609375 1357.9239501953125 1358.64501953125 1357.64501953125 1358.824951171875 1360.5760498046875 1359.3360595703125 1359.2559814453125 1358.406982421875 1357.8370361328125 1359.3580322265625 1362.2879638671875 1364.0679931640625 1365.958984375 1368.3189697265625 1369.93896484375 1371.3399658203125 1373.25 1376.98095703125 1380.3609619140625 1384.510986328125
1537.364013671875 1525.4139404296875 1515.9949951171875 1509.2449951171875 1494.2249755859375 1484.7760009765625 1470.5159912109375 1465.14599609375 1459.656982421875 1454.947021484375 1450.3079833984375 1446.2879638671875 1442.14794921875 1435.5889892578125 1429.029052734375 1422.2989501953125 1415.5400390625 1409.1099853515625 1402.7010498046875 1397.2110595703125 1392.041015625 1385.7220458984375 1380.7020263671875 1376.501953125 1372.623046875 1369.802978515625 1367.7139892578125 1364.81396484375 1362.60400390625 1361.0050048828125 1357.6650390625 1356.9949951171875 1358.885986328125 1357.446044921875 1356.9969482421875 1358.22705078125 1356.7669677734375 1356.5479736328125 1358.5379638671875 1361.427978515625 1361.958984375 1364.4090576171875 1366.449951171875 1369.3299560546875 1368.5 1371.051025390625 1373.8909912109375 1376.8509521484375 1381.302001953125
1529.10400390625 1521.7249755859375 1511.385009765625 1501.89501953125 1493.85595703125 1482.5460205078125 1474.0269775390625 1464.3470458984375 1456.7469482421875 1450.4580078125 1445.998046875 1439.93798828125 1436.6390380859375 1433.8790283203125 1427.1800537109375 1422.3399658203125 1415.199951171875 1409.9510498046875 1403.990966796875 1397.531005859375 1392.4620361328125 1387.342041015625 1383.282958984375 1379.6929931640625 1376.7530517578125 1374.2139892578125 1370.89404296875 1368.06396484375 1364.8349609375 1362.9449462890625 1359.93505859375 1355.926025390625 1358.946044921875 1356.43701171875 1355.866943359375 1356.5670166015625 1355.0880126953125 1355.2679443359375 1357.2679443359375 1359.3890380859375 1360.698974609375 1362.4599609375 1364.510009765625 1367.6700439453125 1366.2010498046875 1367.760986328125 1370.2010498046875 1373.572021484375 1377.4620361328125
1524.7049560546875 1516.364990234375 1508.5250244140625 1499.5460205078125 1491.2760009765625 1483.5169677734375 1475.8570556640625 1468.6669921875 1460.8580322265625 1455.8179931640625 1447.238037109375 1439.458984375 1433.218994140625 1427.8900146484375 1422.5400390625 1420.47998046875 1415.5810546875 1410.3909912109375 1404.5909423828125 1398.491943359375 1393.3719482421875 1389.4730224609375 1385.1929931640625 1381.552978515625 1378.2939453125 1375.583984375 1372.7139892578125 1369.0050048828125 1365.155029296875 1361.2060546875 1358.7960205078125 1355.3170186015625 1357.116943359375 1354.156982421875 1354.18701171875 1353.008056640625 1352.677978515625 1354.1390380859375 1356.5589599609375 1356.239013671875 1359.8199462890625 1360.4000244140625 1362.490966796875 1364.291015625 1364.4610595703125 1365.1419677734375 1367.06201171875 1370.4019775390625 1374.623046875
1522.4949951171875 1512.135986328125 1504.845947265625 1498.115966796875 1490.2469482421875 1482.97705078125 1475.8079833984375 1468.5780029296875 1461.3380126953125 1455.43896484375 1451.489013671875 1444.3489990234375 1437.199951171875 1431.52001953125 1423.541015625 1415.6009521484375 1410.8809814453125 1406.531982421875 1401.4720458984375 1398.001953125 1394.1829833984375 1390.262939453125 1385.154052734375 1382.654052734375 1378.6839599609375 1375.0250244140625 1370.93505859375 1368.10595703125 1365.0159912109375 1363.2359619140625 1361.3570556640625 1355.3170166015625 1355.5369873046875 1353.5579833984375 1352.258056640625 1351.6490478515625 1351.948974609375 1354.22900390625 1356.1300048828125 1355.469970703125 1357.240966796875 1358.281005859375 1360.6910400390625 1360.741943359375 1363.751953125 1362.491943359375 1363.4029541015625 1367.0830078125 1370.9639892578125
1519.85595703125 1510.64599609375 1504.0970458984375 1495.987060546875 1488.7969970703125 1482.22802734375 1475.1080322265625 1467.8890380859375 1461.1590576171875 1453.7989501953125 1447.8800048828125 1444.3900146484375 1439.010986328125 1433.240966796875 1426.531005859375 1420.761962890625 1415.6619873046875 1409.2320556640625 1403.6729736328125 1399.883056640625 1395.31396484375 1391.89404296875 1386.9840087890625 1381.0450439453125 1376.89501953125 1371.8260498046875 1368.0260009765625 1365.115966796875 1362.6070556640625 1360.2469482421875 1358.93701171875 1354.137939453125 1353.89794921875 1352.97900390625 1351.8890380859375 1351.3389892578125 1350.9300537109375 1354.300048828125 1354.6910400390625 1354.2509765625 1353.73095703125 1356.56201171875 1358.10205078125 1359.072021484375 1360.6829833984375 1360.4530029296875 1360.614013671875 1363.884033203125 1367.0040283203125
1519.3570556640625 1511.886962890625 1503.3070068359375 1494.7879638671875 1487.748046875 1480.8289794921875 1474.009033203125 1468.0889892578125 1461.1600341796875 1454.010009765625 1448.301025390625 1442.4110107421875 1437.3709716796875 1431.4019775390625 1426.58203125 1420.9720458984375 1415.6729736328125 1410.6729736328125 1405.4239501953125 1400.56396484375 1395.3740234375 1390.4150390625 1385.2750244140625 1380.7860107421875 1375.2559814453125 1370.9959716796875 1365.906982421875 1362.5369873046875 1360.2469482421875 1358.0980224609375 1355.8179931640625 1352.2889404296875 1352.8489990234375 1352.8790283203125 1350.050048828125 1349.97998046875 1349.6810302734375 1352.1510009765625 1353.3609619140625 1353.1719970703125 1352.2320556640625 1353.85205078125 1355.04296875 1357.7030029296875 1358.9639892578125 1359.9539794921875 1359.2239990234375 1360.175048828125 1363.5550537109375
1519.116943359375 1511.387939453125 1504.0579833984375 1496.4090576171875 1488.678955078125 1481.22900390625 1474.5400390625 1467.8499755859375 1461.6610107421875 1455.051025390625 1449.02099609375 1442.572021484375 1437.031982421875 1431.592041015625 1425.4530029296875 1420.0830078125 1415.10400390625 1409.3740234375 1403.9139404296875 1399.0849609375 1394.425048828125 1389.7559814453125 1384.5760498046875 1379.385986328125 1374.677001953125 1370.237060546875 1365.636962890625 1361.238037109375 1357.488037109375 1355.958984375 1353.8690185546875 1352.968994140625 1349.5799560546875 1351.27001953125 1349.93994140625 1348.48095703125 1347.990966796875 1347.8719482421875 1351.6519775390625 1351.9019775390625 1351.79296875 1351.843017578125 1354.5140380859375 1356.14404296875 1356.7239990234375 1357.3349609375 1357.375 1358.06494140625 1362.135986328125
1516.5179443359375 1509.51904296875 1502.97900390625 1496.3690185546875 1488.5999755859375 1481.7900390625 1475.291015625 1468.1209716796875 1461.6510009765625 1454.9019775390625 1448.362060546875 1442.862060546875 1436.282958984375 1430.7230224609375 1424.3740234375 1418.1739501953125 1412.6739501953125 1407.5050048828125 1401.9849853515625 1396.115966796875 1391.666015625 1387.176025390625 1382.886962890625 1379.156982421875 1374.5970458984375 1369.4580078125 1365.177978515625 1360.76904296875 1357.009033203125 1354.239013671875 1352.219970703125 1351.47998046875 1347.8900146484375 1348.9510498046875 1348.541015625 1348.7120361328125 1347.1519775390625 1346.552001953125 1347.3929443359375 1349.4630126953125 1349.9339599609375 1349.81396484375 1350.634033203125 1353.2850341796875 1354.094970703125 1355.7449951171875 1354.9560546875 1357.0059814453125 1360.447021484375
