resources/Input/dtm_10.asc
NCOLS 387
NROWS 617
XLLCORNER 701280.0
YLLCORNER 5110160.0
CELLSIZE 10.0
NODATA_VALUE -9999
[rows 418 to 439 of 617, columns 294 to 342 of 387]
1968.5830078125 1962.5140380859375 1958.154052734375 1953.7139892578125 1949.85498046875 1943.9849853515625 1938.7860107421875 1933.2060546875 1929.5560302734375 1925.2469482421875 1921.0770263671875 1919.0269775390625 1917.637939453125 1915.9580078125 1913.51904296875 1911.3790283203125 1909.5789794921875 1909.8599853515625 1909.989990234375 1910.8699951171875 1910.3809814453125 1910.98095703125 1912.1219482421875 1911.741943359375 1909.1719970703125 1909.6729736328125 1911.79296875 1913.7130126953125 1916.2740478515625 1916.39404296875 1918.56494140625 1916.7750244140625 1914.7349853515625 1917.385986328125 1917.93603515625 1919.5760498046875 1920.0269775390625 1922.5469970703125 1924.91796875 1925.197998046875 1924.72802734375 1927.2490234375 1931.5689697265625 1936.6099853515625 1942.3199462890625 1948.0999755859375 1952.6710205078125 1957.510986328125 1961.8509521484375
1965.2340087890625 1959.7440185546875 1953.93505859375 1948.7049560546875 1945.7259521484375 1939.4859619140625 1934.3160400390625 1929.5169677734375 1925.64697265625 1921.0770263671875 1917.2080078125 1913.738037109375 1912.218994140625 1911.0489501953125 1908.8189697265625 1907.0699462890625 1905.010009765625 1903.739990234375 1906.06103515625 1905.8310546875 1906.4320068359375 1907.33203125 1908.4019775390625 1908.363037109375 1905.873046875 1905.9129638671875 1906.4339599609375 1908.4940185546875 1909.614990234375 1910.2950439453125 1911.9849853515625 1910.7960205078125 1910.0860595703125 1912.5860595703125 1914.3270263671875 1914.156982421875 1914.177978515625 1916.6180419921875 1917.968017578125 1918.1290283203125 1919.708984375 1923.3690185546875 1927.530029296875 1933.1600341796875 1939.321044921875 1944.260986328125 1948.510986328125 1953.27197265625 1960.781982421875
1961.35498046875 1955.114990234375 1949.3349609375 1943.666015625 1939.93603515625 1935.2869873046875 1930.2769775390625 1924.427001953125 1919.91796875 1916.447998046875 1913.1180419921875 1909.3489990234375 1907.5989990234375 1906.0999755859375 1904.8399658203125 1903.5 1901.9510498046875 1900.48095703125 1900.9110107421875 1901.3919677734375 1902.6219482421875 1903.633056640625 1904.1629638671875 1904.02294921875 1902.593994140625 1901.4439697265625 1901.4439697265625 1902.8349609375 1903.2950439453125 1903.696044921875 1904.93603515625 1905.906005859375 1907.47705078125 1909.677001953125 1911.3270263671875 1910.508056640625 1910.3580322265625 1912.779052734375 1913.0389404296875 1912.8690185546875 1915.989990234375 1920.47998046875 1924.9100341796875 1930.8509521484375 1936.3809814453125 1940.2020263671875 1944.31201171875 1950.261962890625 1957.262939453125
1957.375 1951.8759765625 1945.595947265625 1938.926025390625 1933.8470458984375 1929.0870361328125 1925.1280517578125 1919.3580322265625 1914.7879638671875 1911.76904296875 1908.8189697265625 1905.759033203125 1903.1400146484375 1902.050048828125 1900.801025390625 1899.1810302734375 1898.041015625 1897.7320556640625 1896.35205078125 1896.991943359375 1898.9429931640625 1898.532958984375 1899.134033203125 1898.31396484375 1897.134033203125 1896.594970703125 1896.5550537109375 1897.6650390625 1898.5860595703125 1898.9659423828125 1899.967041015625 1901.68701171875 1903.447021484375 1906.91796875 1908.137939453125 1908.3780517578125 1907.22900390625 1908.779052734375 1908.1700439453125 1910.0699462890625 1914.0999755859375 1918.6209716796875 1922.801025390625 1928.1610107421875 1932.06201171875 1935.35205078125 1939.56298828125 1944.35302734375 1950.1929931640625
1953.2159423828125 1947.0660400390625 1942.0670166015625 1935.0269775390625 1930.2679443359375 1924.498046875 1919.8280029296875 1914.4990234375 1910.01904296875 1906.7989501953125 1903.800048828125 1901.1400146484375 1898.740966796875 1897.8609619140625 1896.4010009765625 1894.491943359375 1894.2020263671875 1894.31201171875 1891.9530029296875 1892.4229736328125 1894.404052734375 1894.0439453125 1893.833984375 1891.89501953125 1891.8349609375 1891.4449462890625 1891.865966796875 1893.10595703125 1892.7669677734375 1893.677001953125 1895.386962890625 1896.8380126953125 1899.1280517578125 1903.41796875 1904.1190185546875 1904.1390380859375 1904.9200439453125 1905.2099609375 1905.81005859375 1908.9610595703125 1912.31103515625 1916.1910400390625 1920.1419677734375 1924.1519775390625 1926.4029541015625 1930.10302734375 1934.3330078125 1939.4339599609375 1945.303955078125
1948.2969970703125 1942.4169921875 1936.737060546875 1931.3380126953125 1925.887939453125 1919.8790283203125 1915.3189697265625 1910.5889892578125 1905.6199951171875 1901.5899658203125 1898.47998046875 1896.791015625 1894.8310546875 1893.4320068359375 1892.261962890625 1890.7320556640625 1890.302978515625 1889.032958984375 1887.4429931640625 1888.114013671875 1889.154052734375 1889.43505859375 1888.655029296875 1886.0849609375 1886.7359619140625 1887.0460205078125 1887.0760498046875 1888.3370361328125 1888.126953125 1889.3480224609375 1889.927978515625 1890.968017578125 1895.0889892578125 1899.239013671875 1899.0989990234375 1899.3199462890625 1900.5999755859375 1901.321044921875 1903.9510498046875 1907.0810546875 1910.08203125 1914.08203125 1916.9620361328125 1919.4129638671875 1922.54296875 1926.8740234375 1931.323974609375 1937.553955078125 1944.0350341796875
1943.39697265625 1937.5980224609375 1932.387939453125 1927.3389892578125 1921.9990234375 1916.2889404296875 1910.699951171875 1906.3399658203125 1902.02001953125 1897.3909912109375 1893.541015625 1892.1820068359375 1890.83203125 1889.612060546875 1888.072998046875 1887.6729736328125 1886.302978515625 1883.333984375 1882.553955078125 1883.7149658203125 1883.4849853515625 1885.425048828125 1883.9859619140625 1882.18603515625 1882.916015625 1883.22705078125 1883.656982421875 1884.406982421875 1884.0279541015625 1885.0279541015625 1885.718994140625 1887.178955078125 1892.1689453125 1894.9000244140625 1895.1400146484375 1895.3599853515625 1896.970947265625 1899.1510009765625 1901.7020263671875 1904.58203125 1907.6920166015625 1910.6529541015625 1913.343017578125 1916.363037109375 1919.7640380859375 1923.4639892578125 1929.7750244140625 1936.375 1943.425048828125
1938.8580322265625 1932.927978515625 1927.47900390625 1922.208984375 1917.2900390625 1911.5 1905.93994140625 1901.3609619140625 1897.510986328125 1893.5810546875 1889.6319580078125 1887.1920166015625 1886.2530517578125 1885.6629638671875 1884.512939453125 1883.7039794921875 1881.9539794921875 1879.083984375 1878.2349853515625 1878.7149658203125 1879.4959716796875 1880.0760498046875 1878.416015625 1878.2569580078125 1880.3070068359375 1880.616943359375 1880.6180419921875 1880.5179443359375 1880.6490478515625 1881.3890380859375 1881.01904296875 1883.8599853515625 1889.47998046875 1891.9200439453125 1891.8409423828125 1892.2110595703125 1894.1419677734375 1897.33203125 1899.9620361328125 1902.56298828125 1905.4530029296875 1908.2330322265625 1910.6739501953125 1913.2939453125 1916.7149658203125 1921.5849609375 1927.635009765625 1934.906005859375 1941.916015625
1933.529052734375 1928.009033203125 1922.219970703125 1916.6300048828125 1912.1600341796875 1906.8609619140625 1902.531005859375 1896.531005859375 1892.4720458984375 1889.1719970703125 1886.362060546875 1883.623046875 1882.9429931640625 1881.9439697265625 1881.1639404296875 1880.0439453125 1878.39501953125 1876.675048828125 1875.39501953125 1873.5059814453125 1874.3160400390625 1873.7769775390625 1873.7869873046875 1876.1669921875 1878.218017578125 1878.0780029296875 1878.177978515625 1877.43896484375 1877.739013671875 1878.260009765625 1878.7900390625 1883.219970703125 1886.81103515625 1889.48095703125 1888.1209716796875 1889.1619873046875 1892.58203125 1895.593017578125 1897.6829833984375 1900.262939453125 1902.9439697265625 1905.333984375 1907.4539794921875 1910.06494140625 1914.135009765625 1919.166015625 1925.656005859375 1932.196044921875 1940.5169677734375
1928.218994140625 1922.260009765625 1917.1300048828125 1911.6910400390625 1906.4210205078125 1901.3909912109375 1897.2220458984375 1891.802001953125 1888.08203125 1884.4429931640625 1882.113037109375 1879.2939453125 1879.1240234375 1878.5140380859375 1877.64501953125 1876.64501953125 1875.405029296875 1873.946044921875 1872.3360595703125 1871.5369873046875 1870.0269775390625 1868.89697265625 1870.718017578125 1874.907958984375 1875.3480224609375 1875.3690185546875 1875.239013671875 1875.029052734375 1875.5400390625 1875.780029296875 1877.8310546875 1881.6309814453125 1885.6209716796875 1887.10205078125 1885.52197265625 1886.7020263671875 1890.02294921875 1892.4429931640625 1894.904052734375 1897.7540283203125 1900.4239501953125 1902.425048828125 1904.4849853515625 1906.7750244140625 1911.6259765625 1917.43603515625 1924.3270263671875 1930.8270263671875 1938.9969482421875
1920.7900390625 1917.050048828125 1911.3409423828125 1906.3709716796875 1901.302001953125 1896.83203125 1891.4420166015625 1886.802978515625 1883.532958984375 1879.123046875 1877.333984375 1875.6839599609375 1875.375 1874.5350341796875 1874.35498046875 1873.93603515625 1872.666015625 1871.4659423828125 1869.8170166015625 1869.197021484375 1867.5279541015625 1866.3580322265625 1869.238037109375 1873.7490234375 1872.6090087890625 1872.6689453125 1872.56005859375 1872.6800537109375 1873.010986328125 1873.8310546875 1876.8509521484375 1880.4119873046875 1884.4320068359375 1882.6519775390625 1882.572998046875 1885.4429931640625 1887.6839599609375 1890.4339599609375 1892.9840087890625 1895.93505859375 1897.93505859375 1899.7850341796875 1901.7259521484375 1904.4859619140625 1909.4859619140625 1915.8070068359375 1923.636962890625 1930.5479736328125 1937.738037109375
1913.4410400390625 1911.4210205078125 1906.56201171875 1900.842041015625 1895.4520263671875 1891.093017578125 1886.2030029296875 1881.9930419921875 1877.6839599609375 1874.06396484375 1872.64501953125 1871.5849609375 1872.155029296875 1871.5560302734375 1871.2159423828125 1871.095947265625 1870.0670166015625 1868.9169921875 1867.5570068359375 1866.968017578125 1865.6080322265625 1864.6290283203125 1868.5589599609375 1871.279052734375 1870.4300537109375 1869.719970703125 1869.6800537109375 1869.571044921875 1870.9510498046875 1872.612060546875 1876.9820556640625 1881.08203125 1883.873046875 1881.89404696875 1881.9129638671875 1884.0040283203125 1886.35400390625 1888.9449462890625 1891.2550048828125 1894.0350341796875 1896.426025390625 1898.0660400390625 1899.7960205078125 1902.7469482421875 1907.866943359375 1915.0179443359375 1921.64794921875 1929.0679931640625 1937.3089599609375
1906.27099609375 1904.612060546875 1900.9219970703125 1894.762939453125 1890.093017578125 1885.6929931640625 1880.553955078125 1876.573974609375 1872.4239501953125 1868.7750244140625 1867.9849853515625 1868.35595703125 1869.385986328125 1868.676025390625 1868.427001953125 1868.136962890625 1867.376953125 1866.1080322265625 1865.0980224609375 1864.718994140625 1863.8389892578125 1863.3089599609375 1867.5 1866.9200439453125 1867.550048828125 1866.760986328125 1865.81103515625 1867.010986328125 1870.6219482421875 1874.9520263671875 1877.2130126953125 1880.1929931640625 1882.072998046875 1881.89404496875 1882.3740234375 1883.5140380859375 1885.2249755859375 1887.0849609375 1890.2960205078125 1893.3360595703125 1895.0860595703125 1896.177001953125 1897.72705078125 1901.0369873046875 1906.5279541015625 1913.5179443359375 1920.779052734375 1928.259033203125 1936.239013671875
1899.6920166015625 1897.133056640625 1895.1529541015625 1889.2030029296875 1884.64404296875 1879.9439697265625 1876.404052734375 1872.10498046875 1867.0550537109375 1864.0250244140625 1863.0760498046875 1864.676025390625 1866.197021484375 1865.97705078125 1865.677001953125 1865.5579833984375 1865.137939453125 1863.887939453125 1862.7989501953125 1862.529052734375 1861.9000244140625 1861.9100341796875 1865.8699951171875 1864.4110107421875 1864.0009765625 1865.31103515625 1865.1719970703125 1868.241943359375 1872.4429931640625 1875.10302734375 1874.9930419921875 1877.904052734375 1881.89404296875 1882.593994140625 1883.324951171875 1884.7249755859375 1885.60595703125 1887.5760498046875 1889.7559814453125 1890.467041015625 1892.467041015625 1894.376953125 1895.5579833984375 1899.91796875 1905.498046875 1911.9189453125 1919.6090087890625 1927.3199462890625 1935.1500244140625
1892.2979736328125 1888.7679443359375 1888.302001953125 1882.5770263671875 1877.8599853515625 1873.9930419921875 1869.6319580078125 1866.08203125 1861.7340087890625 1859.1939697265625 1859.35302734375 1860.72900390625 1862.5360107421875 1862.9580078125 1862.887939453125 1862.7330322265625 1862.5040283203125 1861.10205078125 1860.3759765625 1859.8759765625 1860.0369873046875 1861.5860595703125 1864.7130126953125 1861.0999755859375 1861.9840087890625 1861.1490478515625 1865.0059814453125 1869.64794921875 1872.6090087890625 1874.60302734375 1874.5670166015625 1875.8170166015625 1880.0469970703125 1881.5799560546875 1882.7220458984375 1884.0660400390625 1886.0360107421875 1886.0880126953125 1884.7159423828125 1885.303955078125 1887.1810302734375 1889.3990478515625 1893.6290283203125 1898.4010009765625 1904.10595703125 1911.739990234375 1918.2530517578125 1926.217041015625 1934.18896484375
1885.0450439453125 1882.3060302734375 1879.487060546875 1875.60205078125 1870.9720458984375 1867.614013671875 1864.4759521484375 1861.155029296875 1857.7740478515625 1855.8890380859375 1856.0880126953125 1857.47705078125 1859.31298828125 1859.7550048828125 1859.3060302734375 1860.27294921875 1860.0360107421875 1858.574951171875 1858.0830078125 1857.8919677734375 1858.1290283203125 1859.574951171875 1862.4859619140625 1859.2330322265625 1857.2950439453125 1859.9849853515625 1864.427001953125 1867.8790283203125 1869.01904296875 1871.4139404296875 1870.9169921875 1871.366943359375 1875.6009521484375 1878.0679931640625 1878.761962890625 1881.2330322265625 1881.10205078125 1881.5789794921875 1882.97998046875 1884.18701171875 1885.1949462890625 1887.3299560546875 1890.594970703125 1895.7889404296875 1902.1920166015625 1909.3389892578125 1915.719970703125 1923.344970703125 1930.7659912109375
1878.1519775390625 1876.093017578125 1872.864013671875 1869.23095703125 1865.27197265625 1861.8380126953125 1858.510986328125 1855.3189697265625 1853.35595703125 1852.8380126953125 1854.1810302734375 1854.4930419921875 1855.2099609375 1856.4200439453125 1856.9759521484375 1857.3189697265625 1856.635009765625 1856.4539794921875 1855.9429931640625 1856.3680419921875 1856.51904296875 1856.8489990234375 1859.758056640625 1857.157958984375 1854.9630146953125 1859.77294921875 1863.2569580078125 1864.4539794921875 1865.0999755859375 1867.7740478515625 1865.35595703125 1868.240966796875 1870.488037109375 1874.029052734375 1875.7979736328125 1876.3580322265625 1875.7760009765625 1877.73095703125 1879.218017578125 1881.2679443359375 1883.7049560546875 1884.5389404296875 1888.35400390625 1893.511962890625 1899.385009765625 1906.18701171875 1912.468994140625 1919.2979736328125 1927.5360107421875
1870.8389892578125 1868.3070068359375 1866.8740234375 1863.426025390625 1859.491943359375 1855.844970703125 1852.4100341796875 1850.5679931640625 1849.113037109375 1850.3489990234375 1852.615966796875 1853.1629638671875 1852.5810546875 1853.875 1855.1669921875 1855.1180419921875 1854.928955078125 1854.7879638671875 1854.5140380859375 1854.75 1854.9300537109375 1854.822021484375 1856.9090576171875 1854.9630126953125 1854.9630146953125 1859.2469482421875 1860.1319580078125 1862.2939453125 1863.06494140625 1864.91796875 1864.9959716796875 1866.9730224609375 1869.760986328125 1871.666015625 1871.9990234375 1872.0179443359375 1872.741943359375 1874.3330078125 1876.1939697265625 1876.866943359375 1878.166015625 1881.780029296875 1886.1099853515625 1890.970947265625 1896.0660400390625 1901.949951171875 1908.6629638671875 1915.698974609375 1924.16796875
1864.093994140625 1861.3719482421875 1859.634033203125 1857.43505859375 1853.865966796875 1850.2750244140625 1847.4449462890625 1846.06103515625 1844.907958984375 1845.946044921875 1847.8160400390625 1850.448974609375 1850.8800048828125 1852.623046875 1853.970947265625 1854.782958984375 1853.990966796875 1853.4410400390625 1852.6500244140625 1853.291015625 1853.583984375 1853.780029296875 1854.001953125 1856.3280029296875 1857.3389892578125 1857.803955078125 1858.550048828125 1858.343994140625 1860.0489501953125 1861.2249755859375 1863.6810302734375 1866.4110107421875 1867.862060546875 1868.708984375 1869.623046875 1869.552001953125 1869.198974609375 1870.113037109375 1871.6519775390625 1872.177001953125 1873.8189697265625 1877.1939697265625 1881.6429443359375 1886.4019775390625 1892.2550048828125 1898.613037109375 1904.6390380859375 1909.4300537109375 1918.050048828125
1857.093994140625 1854.425048828125 1853.56396484375 1851.6390380859375 1848.573974609375 1845.112060546875 1843.2540283203125 1842.010986328125 1842.0140380859375 1842.56201171875 1845.29296875 1848.199951171875 1848.93994140625 1850.3060302734375 1851.135009765625 1850.91796875 1851.3919677734375 1851.1529541015625 1851.2459716796875 1851.9010009765625 1852.083984375 1852.8580322265625 1853.2879638671875 1854.6199951171875 1854.64501953125 1853.2869873046875 1854.7060546875 1854.4150390625 1856.56005859375 1859.0889892578125 1862.7459716796875 1863.9229736328125 1864.5040283203125 1863.8310546875 1864.5140380859375 1865.6669921875 1865.7459716796875 1866.4549560546875 1868.487060546875 1868.2989501953125 1870.739990234375 1874.3480224609375 1878.279052734375 1883.1700439453125 1888.053955078125 1894.154052734375 1899.6949462890625 1906.5789794921875 1913.6629638671875
1850.3310546875 1847.9239501953125 1846.43798828125 1845.4410400390625 1843.3060302734375 1840.259033203125 1839.593994140625 1838.791015625 1839.748046875 1841.135986328125 1844.3609619140625 1846.6309814453125 1847.7760009765625 1848.0660400390625 1849.2430419921875 1848.9010009765625 1849.970947265625 1850.5980224609375 1850.1490478515625 1850.7659912109375 1850.9119873046875 1849.9940185546875 1851.7860107421875 1850.0009765625 1849.512939453125 1849.623046875 1850.9549560546875 1849.7220458984375 1853.0799560546875 1855.219970703125 1857.4630126953125 1859.239013671875 1859.8929443359375 1859.407958984375 1860.2659912109375 1861.708984375 1862.907958984375 1863.9110107421875 1864.2850341796875 1866.4510498046875 1868.7640380859375 1871.8179931640625 1875.58203125 1879.218994140625 1884.6180419921875 1890.2440185546875 1896.8609619140625 1903.8060302734375 1910.634033203125
1843.5679931640625 1841.0999755859375 1839.5040283203125 1838.4990234375 1837.9110107421875 1836.0810546875 1835.8470458984375 1836.5450439453125 1837.9990234375 1840.001953125 1842.8900146484375 1846.0159912109375 1848.093017578125 1847.8470458984375 1847.04296875 1846.9329833984375 1847.366943359375 1848.697998046875 1849.8509521484375 1850.178955078125 1850.01904296875 1847.967041015625 1847.9200439453125 1846.6610107421875 1844.376953125 1846.8699951171875 1847.5059814453125 1846.60400390625 1848.89599609375 1851.5560302734375 1854.510986328125 1855.1319580078125 1854.47900390625 1855.573974609375 1856.739990234375 1857.68505859375 1859.3740234375 1860.1619873046875 1861.2779541015625 1863.8570556640625 1867.342041015625 1870.2110595703125 1873.219970703125 1877.134033203125 1882.2559814453125 1888.22900390625 1894.3680419921875 1900.9949951171875 1906.342041015625
