resources/Input/dtm_10.asc
NCOLS 387
NROWS 617
XLLCORNER 701280.0
YLLCORNER 5110160.0
CELLSIZE 10.0
NODATA_VALUE -9999
[rows 374 to 395 of 617, columns 245 to 293 of 387]
1929.470947265625 1929.4510498046875 1929.4420166015625 1928.241943359375 1927.52197265625 1926.363037109375 1927.0030517578125 1926.383056640625 1926.9739990234375 1928.6240234375 1929.9439697265625 1932.31494140625 1934.875 1939.446044921875 1946.4759521484375 1952.5860595703125 1958.8470458984375 1964.886962890625 1972.3170166015625 1979.5880126953125 1987.8580322265625 1994.5489501953125 2000.7889404296875 2006.6090087890625 2013.5699462890625 2020.1099853515625 2028.68994140625 2033.1309814453125 2039.3609619140625 2046.041015625 2053.4619140625 2062.94189453125 2076.93310546875 2089.802978515625 2099.093017578125 2109.56396484375 2118.56396484375 2127.64404296875 2136.68505859375 2144.235107421875 2159.0849609375 2169.666015625 2171.5458984375 2174.947021484375 2179.467041015625 2187.737060546875 2193.837890625 2194.85791015625 2196.637939453125
1924.9210205078125 1925.3919677734375 1925.6820068359375 1925.52197265625 1924.2230224609375 1924.06298828125 1924.373046875 1923.1939697265625 1924.614013671875 1927.175048828125 1929.594970703125 1933.14501953125 1936.385986328125 1940.885986328125 1946.5159912109375 1953.697021484375 1960.116943359375 1966.16796875 1973.0379638671875 1981.8480224609375 1989.3890380859375 1996.698974609375 2004.739013671875 2011.989990234375 2020.050048828125 2025.3299560546875 2034.27099609375 2038.260986328125 2052.531982421875 2057.7119140625 2056.56201171875 2062.822998046875 2070.35302734375 2078.73291015625 2091.7041015625 2108.714111328125 2120.364990234375 2127.965087890625 2135.52490234375 2143.02587890625 2157.825927734375 2169.2060546875 2174.547119140625 2179.51708984375 2183.447021484375 2188.927978515625 2192.85791015625 2195.529052734375 2198.05908203125
1918.81201171875 1919.842041015625 1920.1929931640625 1920.633056640625 1920.2130126953125 1921.114013671875 1920.9840087890625 1922.0040283203125 1923.60498046875 1926.5350341796875 1930.2550048828125 1935.2760009765625 1939.2159423828125 1943.876953125 1945.2569580078125 1954.6070556640625 1960.947998046875 1967.41796875 1975.2080078125 1982.428955078125 1988.4990234375 1996.239990234375 2010.260009765625 2015.699951171875 2022.1510009765625 2031.291015625 2037.9110107421875 2045.2020263671875 2051.8720703125 2071.27197265625 2070.472900390625 2068.7529296875 2074.154052734375 2080.43408203125 2088.493896484375 2104.39501953125 2116.925048828125 2125.85498046875 2133.305908203125 2141.236083984375 2149.31689453125 2160.45703125 2169.306884765625 2176.43798828125 2180.14794921875 2183.64794921875 2186.928955078125 2189.9189453125 2193.0390625
1913.112060546875 1914.79296875 1914.9229736328125 1914.613037109375 1916.573974609375 1917.7939453125 1919.864013671875 1921.7850341796875 1924.35498046875 1927.426025390625 1931.3160400390625 1936.0260009765625 1941.467041015625 1946.2769775390625 1950.2969970703125 1955.0679931640625 1960.748046875 1971.1090087890625 1976.428955078125 1997.968994140625 2007.1199951171875 2026.3499755859375 2037.06005859375 2043.3809814453125 2030.321044921875 2036.7120361328125 2045.58203125 2050.471923828125 2056.262939453125 2064.23291015625 2074.212890625 2079.25390625 2079.23388671875 2085.714111328125 2091.77490234375 2100.35498046875 2113.615966796875 2122.446044921875 2129.166015625 2137.237060546875 2146.306884765625 2158.116943359375 2165.9580078125 2170.26806640625 2174.137939453125 2178.05908203125 2182.01904296875 2185.0400390625 2188.02001953125
1907.613037109375 1909.02294921875 1910.0240478515625 1910.85400390625 1912.4639892578125 1915.14501953125 1918.81494140625 1921.81494140625 1925.3360595703125 1929.35595703125 1933.176025390625 1937.656982421875 1943.366943359375 1948.3280029296875 1952.5679931640625 1957.637939453125 1964.178955078125 1972.8489990234375 1993.489013671875 2006.31005859375 2026.6600341796875 2038.490966796875 2047.6409912109375 2058.06103515625 2066.85205078125 2044.511962890625 2050.35205078125 2057.072998046875 2063.123046875 2068.282958984375 2076.00390625 2088.8740234375 2087.72509765625 2090.594970703125 2096.014892578125 2102.506103515625 2110.27587890625 2118.365966796875 2126.6669921875 2135.116943359375 2146.35791015625 2154.137939453125 2159.677978515625 2163.819091796875 2167.97900390625 2172.39892578125 2176.60009765625 2179.989990234375 2183.340087890625
1902.2530517578125 1903.7039794921875 1905.7939453125 1907.884033203125 1911.2149658203125 1915.7750244140625 1919.4659423828125 1923.0660400390625 1926.845947265625 1930.47705078125 1936.156982421875 1940.406982421875 1945.407958984375 1950.657958984375 1955.697998046875 1961.0589599609375 1966.7889404296875 1981.9599609375 1995.9599609375 2013.050048828125 2027.291015625 2036.801025390625 2046.3310546875 2056.73193359375 2065.7919921875 2070.702880859375 2056.123046875 2063.943115234375 2070.743896484375 2077.464111328125 2085.85400390625 2089.614990234375 2096.965087890625 2097.6650390625 2100.986083984375 2104.926025390625 2110.81689453125 2117.826904296875 2125.487060546875 2137.157958984375 2143.697998046875 2149.248046875 2153.779052734375 2158.678955078125 2163.56005859375 2167.669921875 2171.75 2175.35107421875 2179.220947265625
1896.31396484375 1899.5439453125 1904.175048828125 1907.7850341796875 1911.824951171875 1916.5059814453125 1921.446044921875 1926.0360107421875 1930.64697265625 1934.93701171875 1939.95703125 1945.64794921875 1949.947998046875 1954.458984375 1959.0589599609375 1965.509033203125 1970.6400146484375 1979.4200439453125 1991.780029296875 2008.260986328125 2022.7010498046875 2032.6419677734375 2043.802001953125 2055.85205078125 2064.68310546875 2071.222900390625 2063.06298828125 2067.14404296875 2076.22412109375 2081.694091796875 2093.425048828125 2097.56494140625 2103.68603515625 2105.02587890625 2106.74609375 2108.97705078125 2112.826904296875 2119.096923828125 2125.637939453125 2132.97802734375 2138.339111328125 2142.928955078125 2148.4990234375 2153.43994140625 2158.68994140625 2163.530029296875 2167.531005859375 2171.5810546875 2175.662109375
1894.1240234375 1898.9150390625 1905.06494140625 1909.2249755859375 1913.5360107421875 1917.6259765625 1922.0870361328125 1928.5369873046875 1934.72705078125 1940.6280517578125 1943.8179931640625 1949.8079833984375 1956.3890380859375 1959.448974609375 1964.1490478515625 1972.93994140625 1978.8399658203125 1981.6309814453125 1992.9310302734375 2012.3909912109375 2024.342041015625 2031.4019775390625 2043.1920166015625 2053.48291015625 2064.153076171875 2068.743896484375 2069.743896484375 2070.283935546875 2077.294921875 2086.27490234375 2094.054931640625 2101.47607421875 2110.81591796875 2112.216064453125 2112.4169921875 2112.987060546875 2114.7880859375 2118.008056640625 2122.568115234375 2127.18896484375 2132.64892578125 2138.138916015625 2143.89990234375 2149.6298828125 2154.591064453125 2159.301025390625 2163.87109375 2168.721923828125 2173.052001953125
1895.5050048828125 1900.925048828125 1904.5460205078125 1909.60595703125 1914.8060302734375 1919.677001953125 1926.626953125 1930.9169921875 1937.4580078125 1944.2779541015625 1950.509033203125 1958.22900390625 1964.8289794921875 1966.8399658203125 1970.6700439453125 1980.47998046875 1990.541015625 1989.6810302734375 1994.23095703125 2008.9119873046875 2019.58203125 2029.613037109375 2040.4229736328125 2050.472900390625 2056.56396484375 2064.783935546875 2069.18408203125 2073.054931640625 2078.27490234375 2083.99609375 2090.02587890625 2097.176025390625 2112.89697265625 2105.287109375 2106.177001953125 2109.72802734375 2109.738037109375 2112.387939453125 2116.55908203125 2121.868896484375 2127.929931640625 2134.139892578125 2140.280029296875 2145.160888671875 2150.111083984375 2155.381103515625 2160.31201171875 2165.06201171875 2169.77294921875
1894.4649658203125 1897.7259521484375 1903.10595703125 1908.5460205078125 1914.467041015625 1922.656982421875 1928.2879638671875 1935.157958984375 1946.14794921875 1959.26904296875 1956.0689697265625 1961.9090576171875 1969.469970703125 1973.3900146484375 1977.4100341796875 1983.56103515625 1990.1009521484375 1998.7120361328125 2002.60205078125 2009.0419921875 2020.822998046875 2033.873046875 2044.9730224609375 2060.593994140625 2063.583984375 2068.675048828125 2064.0048828125 2067.52490234375 2073.406005859375 2078.52587890625 2080.3759765625 2086.616943359375 2102.8369140625 2095.93701171875 2096.837890625 2101.68798828125 2102.718994140625 2105.9189453125 2111.089111328125 2117.989990234375 2124.52001953125 2130.760009765625 2136.071044921875 2141.56103515625 2147.27197265625 2152.23193359375 2157.572021484375 2162.282958984375 2166.7529296875
1893.14599609375 1896.7359619140625 1902.6070556640625 1909.20703125 1913.3470458984375 1920.6080322265625 1931.8780517578125 1939.508056640625 1950.3790283203125 1960.97900390625 1967.6300048828125 1968.1600341796875 1974.3599853515625 1979.9310302734375 1983.4310302734375 1989.240966796875 1994.2020263671875 1999.6219482421875 2008.052001953125 2013.623046875 2020.4129638671875 2034.1639404296875 2043.1739501953125 2046.823974609375 2056.054931640625 2055.68505859375 2056.094970703125 2062.575927734375 2069.01611328125 2069.376953125 2072.4970703125 2077.39697265625 2087.077880859375 2086.528076171875 2088.91796875 2092.80908203125 2096.029052734375 2100.8291015625 2108.550048828125 2115.419921875 2121.89111328125 2127.361083984375 2132.9609375 2138.241943359375 2143.652099609375 2148.592041015625 2154.123046875 2160.123046875 2165.77392578125
1890.2860107421875 1894.5069580078125 1899.7769775390625 1906.6669921875 1913.7080078125 1921.0780029296875 1936.468994140625 1943.22900390625 1949.93896484375 1958.6099853515625 1970.449951171875 1978.1099853515625 1984.27099609375 1985.6610107421875 1990.052001953125 1994.241943359375 1999.511962890625 2003.822998046875 2008.552978515625 2014.8929443359375 2023.9639892578125 2034.573974609375 2037.9239501953125 2037.2349853515625 2043.5849609375 2045.5860595703125 2048.43603515625 2058.805908203125 2060.277099609375 2061.366943359375 2065.4169921875 2069.64794921875 2074.89794921875 2078.87890625 2081.34912109375 2084.2490234375 2089.300048828125 2099.260009765625 2106.199951171875 2110.950927734375 2116.760986328125 2122.77099609375 2128.7919921875 2135.10205078125 2140.633056640625 2147.012939453125 2153.863037109375 2159.7939453125 2165.7939453125
1888.376953125 1892.906982421875 1899.4580078125 1905.68798828125 1914.6280517578125 1922.1390380859375 1932.4189453125 1946.8189697265625 1953.3699951171875 1959.9300537109375 1969.541015625 1981.56103515625 1991.2010498046875 1996.612060546875 1994.81201171875 2001.3919677734375 2004.9029541015625 2009.9029541015625 2012.032958984375 2015.4840087890625 2019.7239990234375 2026.114990234375 2027.364990234375 2029.4849853515625 2033.2960205078125 2038.2259521484375 2041.9859619140625 2045.5469970703125 2050.4970703125 2055.41796875 2059.968017578125 2063.508056640625 2068.34912109375 2071.85888671875 2074.22900390625 2079.2900390625 2084.590087890625 2093.990966796875 2100.10107421875 2105.5009765625 2112.662109375 2119.73193359375 2126.27197265625 2131.98291015625 2139.133056640625 2145.29296875 2151.93408203125 2159.263916015625 2165.455078125
1889.2669677734375 1894.5179443359375 1898.5379638671875 1905.6080322265625 1915.759033203125 1932.2989501953125 1945.0799560546875 1959.4200439453125 1960.8499755859375 1964.6009521484375 1975.260986328125 1986.010986328125 1994.251953125 2001.741943359375 2000.6729736328125 2006.06298828125 2008.6529541015625 2008.843994140625 2010.4139404296875 2012.3740234375 2013.7049560546875 2016.594970703125 2020.2249755859375 2023.5159912109375 2027.5260009765625 2031.4169921875 2034.447021484375 2039.366943359375 2044.7879638671875 2050.028076171875 2054.26806640625 2057.839111328125 2061.239013671875 2064.22998046875 2068.889892578125 2074.780029296875 2080.160888671875 2088.801025390625 2094.73095703125 2101.652099609375 2109.531982421875 2117.032958984375 2123.193115234375 2129.14306640625 2136.073974609375 2143.48388671875 2149.884033203125 2156.7548828125 2158.9951171875
1892.657958984375 1897.8280029296875 1901.958984375 1907.01904296875 1913.8690185546875 1940.1300048828125 1953.5899658203125 1964.0799560546875 1965.970947265625 1969.4010009765625 1977.9119873046875 1987.052001953125 1995.58203125 2002.9029541015625 2004.56298828125 2004.4630126953125 2003.1739501953125 2002.9239501953125 2004.5450439453125 2005.5849609375 2008.324951171875 2009.5260009765625 2012.946044921875 2017.5860595703125 2021.5369873046875 2024.467041015625 2028.14697265625 2032.947998046875 2040.157958984375 2044.3690185546875 2047.0989990234375 2050.799072265625 2054.179931640625 2058.219970703125 2065.080078125 2069.930908203125 2075.660888671875 2082.85205078125 2091.7119140625 2099.531982421875 2107.722900390625 2113.943115234375 2119.56298828125 2125.464111328125 2132.18408203125 2140.824951171875 2148.135009765625 2154.465087890625 2154.6259765625
1893.008056640625 1898.8289794921875 1903.779052734375 1909.739013671875 1915.8299560546875 1933.72998046875 1955.6109619140625 1968.801025390625 1969.9410400390625 1973.842041015625 1978.052001953125 1984.81201171875 1992.5830078125 1998.302978515625 1999.6240234375 1998.134033203125 1996.333984375 1996.9849853515625 1998.0050048828125 1999.4150390625 2001.166015625 2003.2659912109375 2007.68701171875 2011.217041015625 2015.3470458984375 2018.72802734375 2023.7679443359375 2028.18798828125 2034.0389404296875 2037.178955078125 2040.428955078125 2044.489990234375 2048.72998046875 2056.56103515625 2061.85107421875 2064.801025390625 2070.94189453125 2079.802001953125 2090.342041015625 2097.1630859375 2103.29296875 2109.303955078125 2114.993896484375 2121.864013671875 2129.044921875 2136.985107421875 2145.195068359375 2152.27587890625 2152.01611328125
1894.1390380859375 1900.3690185546875 1907.1800537109375 1911.530029296875 1917.8599853515625 1929.98095703125 1945.8509521484375 1957.4410400390625 1963.6920166015625 1970.8819580078125 1975.4029541015625 1981.9630126953125 1988.52294921875 1993.4639892578125 1993.864013671875 1992.073974609375 1991.1650390625 1990.885009765625 1991.39599609375 1992.7559814453125 1994.4959716796875 1996.9169921875 2000.0970458984375 2004.7469482421875 2008.7679443359375 2012.988037109375 2018.5689697265625 2022.958984375 2027.428955078125 2030.760009765625 2034.1600341796875 2038.72998046875 2044.6009521484375 2050.551025390625 2055.3310546875 2061.2119140625 2068.552001953125 2077.0830078125 2084.242919921875 2091.27294921875 2098.06396484375 2105.4541015625 2111.803955078125 2117.735107421875 2126.43505859375 2134.43603515625 2142.325927734375 2149.47607421875 2149.886962890625
1897.5489501953125 1903.8499755859375 1917.22998046875 1921.7900390625 1922.1510009765625 1927.9510498046875 1941.2020263671875 1949.77197265625 1956.612060546875 1964.072998046875 1973.4930419921875 1978.9530029296875 1985.06396484375 1988.60400390625 1988.39501953125 1986.635009765625 1986.155029296875 1985.4659423828125 1985.5159912109375 1985.7659912109375 1987.927001953125 1990.0069580078125 1994.9580078125 1998.8580322265625 2002.39794921875 2005.208984375 2010.1689453125 2014.8289794921875 2020.3399658203125 2024.5400390625 2029.3599853515625 2034.7110595703125 2039.81103515625 2045.6419677734375 2051.431884765625 2058.552001953125 2065.802978515625 2072.81298828125 2080.123046875 2087.694091796875 2095.083984375 2102.375 2109.344970703125 2115.405029296875 2123.535888671875 2131.785888671875 2138.486083984375 2145.126953125 2143.447021484375
1902.3800048828125 1908.010009765625 1915.1910400390625 1928.240966796875 1932.6810302734375 1932.56201171875 1939.06201171875 1951.862060546875 1960.552978515625 1969.383056640625 1976.64404296875 1980.5340576171875 1982.9940185546875 1983.905029296875 1983.385009765625 1982.875 1981.7960205078125 1979.4560546875 1978.8070068359375 1979.886962890625 1982.5069580078125 1985.758056640625 1990.3780517578125 1993.5780029296875 1995.3690185546875 1998.029052734375 2003.4599609375 2009.239990234375 2015.0699462890625 2020.1910400390625 2024.760986328125 2030.010986328125 2035.6920166015625 2042.4520263671875 2049.572021484375 2056.56298828125 2063.443115234375 2070.56396484375 2078.464111328125 2085.73388671875 2093.705078125 2100.824951171875 2107.0849609375 2113.946044921875 2121.466064453125 2129.027099609375 2135.876953125 2136.6669921875 2132.778076171875
1907.530029296875 1911.8709716796875 1920.541015625 1929.31103515625 1940.1719970703125 1940.0419921875 1945.572998046875 1951.35302734375 1959.6929931640625 1967.06396484375 1973.843994140625 1978.5340576171875 1978.4449462890625 1978.2349853515625 1978.2060546875 1978.0059814453125 1976.676025390625 1974.39697265625 1973.3470458984375 1976.0570068359375 1978.3079833984375 1982.2080078125 1985.2989501953125 1988.2490234375 1990.8089599609375 1995.8800048828125 2000.8199462890625 2006.260009765625 2011.6610107421875 2015.77099609375 2020.760986328125 2027.0419921875 2033.281982421875 2040.572998046875 2047.012939453125 2053.883056640625 2061.283935546875 2068.48388671875 2076.404052734375 2084.405029296875 2091.715087890625 2098.845947265625 2105.27587890625 2111.6259765625 2117.876953125 2125.72705078125 2129.70703125 2128.008056640625 2126.927978515625
1911.6009521484375 1916.6810302734375 1922.491943359375 1930.08203125 1937.1219482421875 1943.843017578125 1950.5030517578125 1958.822998046875 1966.5340576171875 1972.2239990234375 1975.905029296875 1974.574951171875 1973.135009765625 1973.095947265625 1972.635986328125 1972.446044921875 1971.866943359375 1969.5469970703125 1970.5679931640625 1972.5980224609375 1976.177978515625 1978.509033203125 1981.6390380859375 1984.3289794921875 1989.3399658203125 1993.75 1998.010986328125 2002.8310546875 2007.6510009765625 2012.02197265625 2018.0419921875 2024.52197265625 2031.02294921875 2038.863037109375 2045.8929443359375 2053.00390625 2060.85400390625 2067.905029296875 2075.635009765625 2082.455078125 2089.26611328125 2096.486083984375 2102.99609375 2108.89697265625 2114.97705078125 2122.91796875 2123.51806640625 2119.947998046875 2115.948974609375
1919.510986328125 1921.531982421875 1925.6920166015625 1932.501953125 1938.282958984375 1946.1529541015625 1951.7139892578125 1962.6939697265625 1967.0040283203125 1969.824951171875 1969.5350341796875 1968.60498046875 1968.0159912109375 1967.3360595703125 1967.116943359375 1967.8070068359375 1967.386962890625 1965.8079833984375 1967.488037109375 1970.197998046875 1973.5889892578125 1976.01904296875 1979.050048828125 1982.3499755859375 1986.800048828125 1990.81103515625 1994.8310546875 1999.1810302734375 2003.4219970703125 2009.4720458984375 2017.093017578125 2024.363037109375 2030.7230224609375 2038.303955078125 2045.7540283203125 2052.25390625 2059.5048828125 2066.485107421875 2073.39501953125 2079.72607421875 2086.64599609375 2093.447021484375 2099.987060546875 2105.95703125 2112.01806640625 2113.968017578125 2113.7880859375 2112.34912109375 2108.468994140625
