resources/Input/dtm_10.asc
NCOLS 387
NROWS 617
XLLCORNER 701280.0
YLLCORNER 5110160.0
CELLSIZE 10.0
NODATA_VALUE -9999
[rows 440 to 461 of 617, columns 294 to 342 of 387]
1837.114990234375 1834.071044921875 1833.06005859375 1832.2939453125 1832.6619873046875 1832.958984375 1833.8800048828125 1835.1240234375 1835.75 1836.885986328125 1838.5479736328125 1841.614013671875 1844.9310302734375 1843.9300537109375 1843.3289794921875 1844.718017578125 1845.7469482421875 1847.5799560546875 1849.375 1849.9610595703125 1848.93896484375 1847.491943359375 1848.4320068359375 1846.18994140625 1842.7130126953125 1845.1009521484375 1845.9990234375 1843.208984375 1845.5360107421875 1847.8719482421875 1851.552001953125 1852.5 1851.5340576171875 1851.9339599609375 1854.0560302734375 1854.2640380859375 1856.2659912109375 1856.9969482421875 1858.7239990234375 1861.4169921875 1865.2490234375 1867.8299560546875 1871.345947265625 1875.6319580078125 1880.487060546875 1885.5350341796875 1891.9229736328125 1897.448974609375 1902.2900390625
1831.7220458984375 1829.2440185546875 1827.39794921875 1826.5069580078125 1827.7349853515625 1829.9219970703125 1832.551025390625 1833.198974609375 1833.7110595703125 1833.60400390625 1834.240966796875 1836.1939697265625 1840.969970703125 1842.4659423828125 1840.6529541015625 1842.197021484375 1844.9110107421875 1846.6529541015625 1847.5450439453125 1848.677978515625 1846.7860107421875 1847.33203125 1847.0350341796875 1845.012939453125 1841.802001953125 1845.20703125 1843.344970703125 1840.4200439453125 1842.2850341796875 1845.0009765625 1849.012939453125 1849.261962890625 1849.0770263671875 1850.405029296875 1850.5970458984375 1851.550048828125 1852.6300048828125 1853.8800048828125 1855.5350341796875 1858.866943359375 1862.449951171875 1866.093017578125 1869.81298828125 1873.616943359375 1878.02294921875 1883.1080322265625 1887.8759765625 1891.9840087890625 1896.4849853515625
1827.5350341796875 1824.26904296875 1822.876953125 1822.4840087890625 1823.666015625 1826.3289794921875 1829.4520263671875 1830.407958984375 1831.1510009765625 1830.43701171875 1830.98095703125 1832.6219482421875 1835.666015625 1839.22998046875 1837.8780517578125 1839.136962890625 1840.987060546875 1842.4859619140625 1843.1939697265625 1843.876953125 1843.616943359375 1844.875 1844.5849609375 1842.426025390625 1840.4630126953125 1843.6419677734375 1840.75 1838.302978515625 1839.8380126953125 1842.93701171875 1845.8260498046875 1845.5970458984375 1844.6429443359375 1845.970947265625 1847.6510009765625 1849.7550048828125 1850.6600341796875 1852.967041015625 1853.219970703125 1856.6920166015625 1860.83203125 1863.2130126953125 1866.7939453125 1870.9940185546875 1874.9730224609375 1878.928955078125 1883.0970458984375 1887.1629638671875 1891.3310546875
1823.4730224609375 1819.5169677734375 1818.0419921875 1819.198974609375 1820.5660400390625 1823.4739990234375 1826.926025390625 1828.4759521484375 1826.7330322265625 1828.073974609375 1828.14404296875 1828.9139404296875 1831.1199951171875 1834.510009765625 1834.9580078125 1836.60205078125 1837.322021484375 1838.43505859375 1840.14599609375 1841.52294921875 1841.865966796875 1841.760986328125 1840.552978515625 1838.531005859375 1840.35400390625 1842.22900390625 1839.126953125 1836.4449462890625 1837.803955078125 1841.822998046875 1842.5159912109375 1842.8800048828125 1843.3380126953125 1845.2779541015625 1846.446044921875 1848.1490478515625 1849.2960205078125 1849.95703125 1852.2509765625 1854.9169921875 1857.970947265625 1859.7449951171875 1862.4019775390625 1866.7760009765625 1870.79296875 1874.6390380859375 1878.237060546875 1881.3310546875 1885.1719970703125
1818.738037109375 1815.7650146484375 1814.3759765625 1815.23095703125 1815.887939453125 1819.43505859375 1822.4329833984375 1824.696044921875 1821.6820068359375 1823.4849853515625 1824.344970703125 1826.4200439453125 1828.217041015625 1831.8709716796875 1832.7989501953125 1833.2509765625 1834.2149658203125 1835.0419921875 1837.614990234375 1837.5260009765625 1837.2869873046875 1836.845947265625 1838.2650146484375 1836.458984375 1837.2030029296875 1839.18798828125 1837.2919921875 1836.073974609375 1837.427001953125 1841.1689453125 1839.427001953125 1839.8480224609375 1841.8499755859375 1843.6829833984375 1846.447021484375 1846.7359619140625 1847.3680419921875 1847.8160400390625 1850.7550048828125 1853.5279541015625 1855.0489501953125 1855.7320556640625 1858.220947265625 1862.54296875 1866.634033203125 1870.2099609375 1873.491943359375 1877.199951171875 1880.4859619140625
1814.5870361328125 1812.0340576171875 1811.260009765625 1810.321044921875 1811.6529541015625 1814.8310546875 1817.041015625 1818.52099609375 1816.89794921875 1816.7740478515625 1820.60400390625 1824.9420166015625 1825.862060546875 1825.7449951171875 1827.428955078125 1827.8160400390625 1829.93505859375 1832.782958984375 1834.7900390625 1833.8599853515625 1831.5980224609375 1831.843994140625 1833.1650390625 1830.8599853515625 1832.9019775390625 1835.6510009765625 1834.5589599609375 1836.302978515625 1837.094970703125 1839.363037109375 1837.531982421875 1837.4219970703125 1838.7950439453125 1842.177978515625 1844.9449462890625 1843.4620361328125 1843.8809814453125 1845.85205078125 1847.904052734375 1849.4019775390625 1851.0419921875 1852.386962890625 1854.635986328125 1858.3819580078125 1862.4749755859375 1866.5250244140625 1869.7969970703125 1873.114990234375 1877.22998046875
1810.656005859375 1809.133056640625 1807.9840087890625 1804.9449462890625 1805.8499755859375 1808.677001953125 1810.91796875 1811.8170166015625 1810.9110107421875 1811.2130126953125 1817.4620361328125 1820.97802734375 1821.76904296875 1820.29296875 1822.0909423828125 1824.634033203125 1825.991943359375 1828.3909912109375 1830.530029296875 1828.9200439453125 1825.8399658203125 1826.2060546875 1827.0179443359375 1825.449951171875 1828.7099609375 1831.60400390625 1831.22705078125 1834.2249755859375 1836.6070556640625 1836.5849609375 1835.550048828125 1837.4119873046875 1837.9239501953125 1840.5350341796875 1842.1689453125 1841.3370361328125 1841.0150146484375 1842.0460205078125 1842.3299560546875 1844.2540283203125 1847.31103515625 1849.531982421875 1852.22900390625 1855.9849853515625 1860.1800537109375 1863.9830322265625 1867.98095703125 1871.7760009765625 1875.636962890625
1807.373046875 1807.7769775390625 1804.1240234375 1799.9840087890625 1799.9539794921875 1802.5469970703125 1804.251953125 1805.02099609375 1804.125 1807.8370361328125 1811.8819580078125 1814.64599609375 1816.2879638671875 1815.4530029296875 1817.4820556640625 1819.5240478515625 1820.1390380859375 1823.092041015625 1825.22705078125 1823.0799560546875 1819.89404296875 1820.14501953125 1820.4649658203125 1820.093017578125 1823.3699951171875 1825.6590576171875 1825.824951171875 1829.47705078125 1830.696044921875 1830.2459716796875 1831.0069580078125 1832.14697265625 1833.873046875 1835.907958984375 1838.6080322265625 1839.1290283203125 1839.5860595703125 1839.0050048828125 1838.470947265625 1841.844970703125 1845.0240478515625 1847.7330322265625 1850.4189453125 1853.8790283203125 1858.0770263671875 1862.0810546875 1865.699951171875 1869.0489501953125 1872.487060546875
1803.3990478515625 1803.6590576171875 1800.4659423828125 1795.4449462890625 1795.2559814453125 1796.373046875 1798.1700439453125 1797.2490234375 1798.3170166015625 1803.155029296875 1805.802001953125 1807.89794921875 1809.822021484375 1809.18798828125 1812.6300048828125 1813.7979736328125 1814.7049560546875 1817.135009765625 1817.95703125 1817.1429443359375 1815.10595703125 1813.77001953125 1813.6650390625 1814.6710205078125 1817.926025390625 1818.988037109375 1820.3609619140625 1823.541015625 1824.1240234375 1823.7869873046875 1825.0350341796875 1825.948974609375 1827.114990234375 1829.990966796875 1833.6099853515625 1836.35205078125 1836.8919677734375 1835.3289794921875 1837.2359619140625 1840.7989501953125 1842.3800048828125 1845.5789794921875 1848.6810302734375 1852.343994140625 1855.136962890625 1858.988037109375 1862.39599609375 1865.7640380859375 1869.9849853515625
1798.678955078125 1798.8790283203125 1796.6180419921875 1791.989013671875 1789.5830078125 1791.1739501953125 1791.3509521484375 1790.4169921875 1793.863037109375 1796.364013671875 1798.8780517578125 1801.384033203125 1802.85302734375 1802.41796875 1806.0579833984375 1807.31298828125 1807.9749755859375 1810.116943359375 1811.4439697265625 1810.8260498046875 1809.261962890625 1807.593017578125 1807.3389892578125 1809.2979736328125 1811.041015625 1812.490966796875 1814.9599609375 1816.697021484375 1817.362060546875 1817.35302734375 1818.5570068359375 1819.865966796875 1820.7640380859375 1823.7530517578125 1827.2989501953125 1830.114990234375 1832.7230224609375 1833.2989501953125 1835.6800537109375 1836.4630126953125 1839.7130126953125 1842.7840576171875 1846.3370361328125 1849.175048828125 1852.0889892578125 1855.633056640625 1859.5479736328125 1863.4969482421875 1864.0009765625
1793.5899658203125 1793.011962890625 1791.8380126953125 1788.467041015625 1784.2509765625 1785.06494140625 1785.9720458984375 1785.43603515625 1788.41796875 1790.8580322265625 1791.7349853515625 1794.468994140625 1796.2860107421875 1796.803955078125 1800.404052734375 1800.7850341796875 1801.949951171875 1802.9649658203125 1804.302001953125 1804.14697265625 1803.18896484375 1801.7900390625 1801.7490234375 1803.6300048828125 1805.1619873046875 1807.3170166015625 1808.926025390625 1810.342041015625 1810.875 1810.8189697265625 1812.4189453125 1813.9129638671875 1815.51904296875 1817.875 1820.66796875 1823.4029541015625 1825.5 1828.0030517578125 1829.5770263671875 1831.8260498046875 1835.0419921875 1838.9539794921875 1842.8170166015625 1845.7440185546875 1849.5389404296875 1853.31298828125 1857.031982421875 1856.030029296875 1855.7779541015625
1788.6219482421875 1788.08203125 1786.824951171875 1783.7130126953125 1779.7750244140625 1779.6529541015625 1780.2249755859375 1781.404052734375 1782.125 1783.6429443359375 1785.6419677734375 1787.696044921875 1789.4759521484375 1790.843994140625 1793.7550048828125 1794.4019775390625 1795.550048828125 1797.3160400390625 1797.779052734375 1797.5169677734375 1797.115966796875 1796.365966796875 1797.1090087890625 1798.18896484375 1800.2080078125 1802.1300048828125 1802.8499755859375 1803.946044921875 1804.740966796875 1805.634033203125 1806.427978515625 1808.6319580078125 1810.4759521484375 1813.197998046875 1814.68701171875 1816.64697265625 1819.1240234375 1822.0880126953125 1824.43701171875 1828.10595703125 1832.0989990234375 1835.9610595703125 1839.906005859375 1843.5340576171875 1847.5810546875 1850.3919677734375 1850.1800537109375 1847.447998046875 1852.1610107421875
1784.239013671875 1782.6290283203125 1780.958984375 1778.510986328125 1775.2099609375 1774.47900390625 1774.5679931640625 1776.0169677734375 1776.39404296875 1777.219970703125 1779.1080322265625 1781.4610595703125 1782.7569580078125 1785.2099609375 1787.8280029296875 1788.446044921875 1789.717041015625 1790.989013671875 1791.1319580078125 1791.4420166015625 1791.739990234375 1791.98095703125 1792.6710205078125 1794.1280517578125 1796.01904296875 1797.199951171875 1797.6949462890625 1799.001953125 1799.762939453125 1800.8929443359375 1802.0040283203125 1803.9720458984375 1806.9119873046875 1809.3900146484375 1811.0400390625 1813.3909912109375 1816.114990234375 1819.6180419921875 1823.0989990234375 1826.8089599609375 1830.5570068359375 1834.0760498046875 1836.758056640625 1839.5999755859375 1842.22998046875 1843.31201171875 1841.7349853515625 1847.1300048828125 1855.89599609375
1778.8509521484375 1777.425048828125 1775.4129638671875 1774.041015625 1770.7239990234375 1770.0050048828125 1769.612060546875 1770.72900390625 1771.56298828125 1772.4730224609375 1773.68798828125 1775.926025390625 1777.947998046875 1779.8310546875 1781.7769775390625 1783.6590576171875 1784.5849609375 1785.0849609375 1785.4510498046875 1785.2340087890625 1786.258056640625 1787.3409423828125 1788.512939453125 1790.1080322265625 1791.7080078125 1792.85400390625 1793.14794921875 1794.633056640625 1795.7950439453125 1797.0899658203125 1798.782958984375 1801.0450439453125 1805.0579833984375 1808.156005859375 1809.6639404296875 1811.6610107421875 1814.751953125 1818.2550048828125 1819.7449951171875 1823.23095703125 1828.3990478515625 1828.323974609375 1829.489990234375 1833.5479736328125 1836.06298828125 1837.41796875 1843.0570068359375 1850.7249755859375 1858.20703125
1772.4410400390625 1771.6240234375 1770.08203125 1768.864990234375 1766.0760498046875 1765.428955078125 1765.1070556640625 1766.0489501953125 1766.678955078125 1768.0460205078125 1768.18896484375 1771.137939453125 1772.9339599609375 1774.8060302734375 1777.302001953125 1778.7900390625 1779.6109619140625 1779.6300048828125 1780.1429443359375 1780.3709716796875 1781.843994140625 1783.553955078125 1785.2130126953125 1786.634033203125 1787.6009521484375 1788.7640380859375 1790.0880126953125 1790.7490234375 1792.4410400390625 1794.1650390625 1795.43798828125 1797.8079833984375 1801.9329833984375 1805.1080322265625 1806.77294921875 1809.928955078125 1812.72900390625 1812.406005859375 1814.029052734375 1817.5479736328125 1821.4820556640625 1823.7850341796875 1827.1280517578125 1830.491943359375 1834.43896484375 1840.02197265625 1846.8800048828125 1853.1650390625 1855.4090576171875
1766.4189453125 1766.1309814453125 1765.197998046875 1763.6839599609375 1761.1820068359375 1761.135009765625 1760.6619873046875 1761.970947265625 1761.9510498046875 1763.1719970703125 1764.833984375 1767.06298828125 1768.9840087890625 1770.8690185546875 1772.77001953125 1774.2449951171875 1774.553955078125 1775.1519775390625 1775.5419921875 1776.60498046875 1778.593994140625 1780.3800048828125 1782.2099609375 1782.5479736328125 1784.362060546875 1785.4420166015625 1786.3929443359375 1788.3900146484375 1789.77294921875 1791.053955078125 1792.7039794921875 1795.696044921875 1798.416015625 1800.532958984375 1803.9739990234375 1806.5439453125 1805.9029541015625 1809.3060302734375 1816.654052734375 1820.3289794921875 1823.551025390625 1827.9720458984375 1832.47900390625 1834.927001953125 1839.3349609375 1841.7760009765625 1847.916015625 1850.489990234375 1852.5889892578125
1759.9639892578125 1759.781005859375 1759.5050048828125 1757.969970703125 1756.3370361328125 1756.9229736328125 1757.010986328125 1757.60302734375 1758.134033203125 1759.51904296875 1761.5439453125 1763.5689697265625 1764.9229736328125 1767.4649658203125 1768.6180419921875 1769.428955078125 1769.68798828125 1770.4649658203125 1771.5670166015625 1773.8070068359375 1775.52001953125 1777.510986328125 1777.8790283203125 1778.2850341796875 1781.156982421875 1782.4659423828125 1783.4859619140625 1785.2540283203125 1786.5419921875 1787.7030029296875 1790.885009765625 1793.26904296875 1795.5469970703125 1795.9239501953125 1798.6639404296875 1802.2640380859375 1808.8060302734375 1813.93994140625 1817.6180419921875 1821.1240234375 1825.260986328125 1828.3580322265625 1832.2060546875 1836.2440185546875 1841.114990234375 1843.1180419921875 1847.1090087890625 1849.5560302734375 1852.1510009765625
1753.8079833984375 1754.1070556640625 1753.573974609375 1753.1240234375 1752.18798828125 1752.802978515625 1753.133056640625 1753.4189453125 1754.4739990234375 1755.968994140625 1758.1629638671875 1759.93701171875 1761.4930419921875 1763.20703125 1764.2550048828125 1765.1199951171875 1764.8609619140625 1766.3370361328125 1768.7159423828125 1770.4639892578125 1772.4630126953125 1774.553955078125 1771.115966796875 1771.1099853515625 1775.3310546875 1779.1949462890625 1780.5699462890625 1781.321044921875 1779.906005859375 1781.18896484375 1783.862060546875 1786.873046875 1790.6949462890625 1797.22705078125 1801.572998046875 1804.9520263671875 1809.4100341796875 1813.404052734375 1816.7939453125 1820.4410400390625 1823.60205078125 1827.10498046875 1830.291015625 1834.81005859375 1841.22705078125 1846.9820556640625 1849.2760009765625 1850.887939453125 1852.801025390625
1748.134033203125 1748.458984375 1748.635009765625 1748.2760009765625 1748.70703125 1749.0279541015625 1749.4739990234375 1749.52294921875 1750.9830322265625 1752.4720458984375 1754.4610595703125 1756.5870361328125 1758.4720458984375 1759.39501953125 1760.6280517578125 1760.4210205078125 1761.9029541015625 1763.4969482421875 1763.4539794921875 1764.501953125 1768.1109619140625 1771.470947265625 1769.428955078125 1768.4620361328125 1771.9849853515625 1774.6739501953125 1775.2340087890625 1775.248046875 1779.56103515625 1783.4210205078125 1787.0589599609375 1790.5439453125 1794.029052734375 1796.1820068359375 1800.2750244140625 1804.1729736328125 1808.303955078125 1811.8170166015625 1815.4090576171875 1818.928955078125 1822.1390380859375 1825.822021484375 1829.6290283203125 1834.7559814453125 1840.41796875 1845.7149658203125 1848.56396484375 1849.823974609375 1851.4019775390625
1742.7320556640625 1743.1519775390625 1743.2120361328125 1744.1400146484375 1745.2459716796875 1745.5059814453125 1746.3380126953125 1746.6739501953125 1747.3599853515625 1749.219970703125 1750.968017578125 1753.906982421875 1755.655029296875 1756.2120361328125 1756.3580322265625 1757.991943359375 1759.5699462890625 1759.387939453125 1756.97998046875 1758.3260498046875 1761.343017578125 1767.39697265625 1767.7230224609375 1766.220947265625 1766.8590087890625 1769.988037109375 1772.9439697265625 1777.2230224609375 1781.666015625 1784.2349853515625 1786.636962890625 1788.947021484375 1791.97802734375 1795.5260009765625 1799.0679931640625 1803.1920166015625 1807.447998046875 1811.1820068359375 1814.375 1817.7960205078125 1821.323974609375 1825.0810546875 1829.321044921875 1834.1390380859375 1839.626953125 1844.1180419921875 1847.2469482421875 1848.9580078125 1850.469970703125
1737.383056640625 1737.6739501953125 1738.79296875 1740.4200439453125 1741.676025390625 1742.323974609375 1743.323974609375 1743.8299560546875 1744.532958984375 1746.071044921875 1748.0 1750.333984375 1751.98095703125 1752.81396484375 1753.6429443359375 1754.7130126953125 1757.4549560546875 1755.6800537109375 1754.000002 1755.2139892578125 1757.3680419921875 1762.800048828125 1761.2640380859375 1764.2540283203125 1768.60302734375 1773.3260498046875 1776.218994140625 1778.490966796875 1780.8499755859375 1782.9510498046875 1786.123046875 1789.5369873046875 1792.969970703125 1794.6240234375 1797.0269775390625 1800.6240234375 1803.5660400390625 1806.5810546875 1810.41796875 1813.98095703125 1817.6180419921875 1821.9990234375 1827.279052734375 1830.7049560546875 1834.2530517578125 1839.22802734375 1845.5450439453125 1847.9110107421875 1849.3280029296875
1732.29296875 1733.93896484375 1735.5970458984375 1736.93505859375 1738.0699462890625 1738.571044921875 1739.4739990234375 1740.1810302734375 1741.0439453125 1742.7110595703125 1745.2540283203125 1747.6510009765625 1748.7760009765625 1749.873046875 1750.407958984375 1752.262939453125 1753.613037109375 1754.0 1754.760986328125 1755.64404296875 1759.0830078125 1758.3409423828125 1761.2449951171875 1766.1519775390625 1768.68994140625 1772.31396484375 1775.6710205078125 1777.779052734375 1779.9410400390625 1783.7220458984375 1787.0689697265625 1790.8199462890625 1794.1719970703125 1797.928955078125 1801.7099609375 1804.3360595703125 1806.927978515625 1809.739013671875 1812.76904296875 1817.155029296875 1819.4169921875 1820.7889404296875 1824.4610595703125 1830.885986328125 1837.54296875 1841.8809814453125 1846.8349609375 1847.2020263671875 1848.5379638671875
