resources/Input/skyview.asc
NCOLS 226
NROWS 352
XLLCORNER 1677280.0
YLLCORNER 5075260.0
CELLSIZE 20.0
NODATA_VALUE -9999
[rows 304 to 322 of 352, columns 176 to 219 of 226]
0.8641845581191459 0.8657292840447386 0.8674301040391942 0.8664431919812918 0.8646229737519082 0.8620819204204584 0.8527225360157981 0.8223521719709387 0.7497156697759613 0.7846296631585414 0.7980822921163188 0.8111515453251347 0.8188022431413065 0.8340505070126677 0.8331707697961122 0.8421410481253325 0.8425663763058072 0.8466474639172994 0.8671676132655965 0.8771520420825893 0.8769978940142646 0.8706464327138536 0.8649664383441896 0.8511678221015422 0.8459736498291681 0.8443855999641989 0.8435038446926018 0.8356551898638822 0.8372009181427832 0.8425742046466193 0.8540585728565161 0.8681734577770415 0.8669858685070162 0.8557511962458552 0.8400297592717679 0.8364089166652929 0.8265252714144372 0.825210486107158 0.8200077066562911 0.8303178954292508 0.8339121292187924 0.852563893882089 0.8656837675094586 0.904570062650362
0.8629184637743981 0.864979430059604 0.8677968947524388 0.8676800401304422 0.8747226057134536 0.8741985638031238 0.8684174962382094 0.8585509635403207 0.8120869693545744 0.7958310499495104 0.7966896533573448 0.7972050968706808 0.8057492299140369 0.8266186699255934 0.8256016970089471 0.8340250483367022 0.8386766306810725 0.8328688392136631 0.8592550976170877 0.8713785952810472 0.8717415653787753 0.8657793109860299 0.8638024042780392 0.8492392856805403 0.846166041437719 0.84190380396998 0.8423632437798416 0.8293131737584392 0.8413795134223161 0.8444938656612155 0.8585400935287633 0.8575250756333279 0.852219644988458 0.8434314271352114 0.8269806641055226 0.8271096270337467 0.8194440823057672 0.8133847985287519 0.8102000720414617 0.8221354993943979 0.8237861236820844 0.8492605261379457 0.8720252862955876 0.9135002273836753
0.8631360524205849 0.8666441032091354 0.8753674625019469 0.8717425053162714 0.8712164556138376 0.8757587718920009 0.8659356808996066 0.85961133729239 0.8521381573315351 0.7916576308639321 0.7952283979856355 0.8004989714675332 0.8101120061813945 0.8302052234826526 0.8280946409830927 0.836594351790531 0.8381578940564034 0.8387190625499616 0.8581048635924806 0.8740706592511527 0.875671263714614 0.8660415432827129 0.859750634372764 0.8506550120057114 0.8471229920360137 0.8430254892096007 0.8385783122946604 0.8273211522796899 0.8429218889323176 0.8495852617388719 0.8564069348631093 0.8522998243765859 0.8468920862069019 0.8366420724609477 0.8297778789610288 0.8302029090563379 0.8198999105138978 0.8163144742455388 0.8011668106867873 0.818746832990067 0.826487093329667 0.8519357036700199 0.8768898217765861 0.91661651283553
0.8686537204960791 0.8689470459073646 0.8717333657551103 0.8736641534557373 0.8745223184823472 0.8749750411043186 0.8692838397293294 0.8679848583866602 0.861287456582431 0.8378022059769074 0.7528736391795778 0.7944970250797971 0.8161774026237039 0.835419379276395 0.8343219906118258 0.8329499032765539 0.8318079001289025 0.8401993459241838 0.8579040919342907 0.8670162179194458 0.8705632832198946 0.8628077564360163 0.8587206109115938 0.851276927978204 0.8460924238282854 0.8407485930987366 0.8390743590011193 0.8272402605753684 0.8334630457059471 0.8444162531098124 0.8504375810280039 0.8451311229120256 0.8374418973230159 0.8306532356899861 0.8249085623523262 0.8228143567736357 0.8175026530987313 0.8085925007909018 0.801061847288639 0.812157929928049 0.8266696958409698 0.8520024170645228 0.8783674548007161 0.9208332561494629
0.8633341155197551 0.867283044041134 0.8723300438921446 0.8749601806856144 0.8773862253341217 0.8763829494332 0.8744614136422948 0.871647716490717 0.8659111843114098 0.8609950819304621 0.8144107722503773 0.8161804105611573 0.8339854891323661 0.8401911607537444 0.832942401131129 0.8406655756276371 0.8362351986704869 0.8371105414882838 0.8567649030853282 0.8650972685373014 0.8579011906741899 0.8500138194920793 0.8571508790208335 0.8510045462558402 0.8479696532697291 0.8400631950172079 0.8360370402936209 0.8248920774588103 0.8345754131432135 0.8364618565718146 0.8403595430565177 0.836369915437334 0.8296828139493225 0.8295117158913715 0.8226415912707348 0.8171859911766662 0.8128509089447762 0.8035436040888079 0.7898451927903197 0.8017184560956687 0.8164698830117115 0.8518945530541294 0.8808570409837534 0.9240688022354474
0.8654462407555634 0.8700338743798862 0.8746878522779132 0.8771525361049116 0.8786222095508224 0.8788027591038193 0.87760225618376 0.8760179205537892 0.8714547778568618 0.8663290206923151 0.8475485321736388 0.8402631654010698 0.8403709620360642 0.8426829470702587 0.8405090474651298 0.8348904091956867 0.8407444966575315 0.8406434134992381 0.8532172535578185 0.8611757857196922 0.8536604747126434 0.8458517873061128 0.8499006019576432 0.8461457241626357 0.8472132771714921 0.8394452676246702 0.8401877298887722 0.8225506694822149 0.8260462499240362 0.8323605030865647 0.8333249301462715 0.8242333007434882 0.8153466539772861 0.8175128634306253 0.8151544190508737 0.8131736334913098 0.8132743819666532 0.8076607876844508 0.7988858836065608 0.8011744249401496 0.818885502754387 0.8504492979314072 0.8819455595231973 0.9209374762529345
0.8635641905222331 0.8698534660201155 0.8747426904434643 0.8780574239328439 0.8815597980572052 0.8817851405395608 0.8808594717422219 0.8799334876639533 0.8766530360531819 0.8721091663706133 0.8676268983103087 0.8407525831369405 0.8477697439689867 0.856042775588937 0.8485748496940858 0.849279320375304 0.8476620998661393 0.8500218347545552 0.8585993043008904 0.860375921478498 0.8538133205886914 0.8458318707591577 0.8513619677871822 0.8460542193232851 0.8462745358447488 0.839199723362857 0.8421603160789602 0.8260237989583642 0.8283014954701481 0.8277686236722068 0.8322041301859552 0.8289968811403589 0.8198080196309113 0.8220258153543623 0.8127761386444746 0.8131904890777872 0.8141786475430595 0.8021069567867984 0.7964454858747035 0.8086104425052909 0.8189497453730742 0.8513307253438095 0.8837685941403307 0.9232080649403949
0.8615015421833978 0.8698008446998257 0.8760325403355683 0.8800251097731923 0.882234804963805 0.8843011673845973 0.8844989084241894 0.8832699074172681 0.8809102242538573 0.8849045298672525 0.8796190894970408 0.8612252026938864 0.8540453631485884 0.861139833386497 0.8557069315670544 0.8572917790743906 0.8563095954081714 0.8507874577976982 0.8565532948125434 0.857991262386513 0.8545910124304376 0.8492684965090103 0.8513453242478332 0.8479083118608896 0.8455509585313292 0.8419402739724092 0.8411448355400655 0.8291007756642992 0.8321181463792068 0.8275389097150507 0.8259436834290036 0.8266433301200968 0.8216524808801688 0.81777715832998 0.8063946552578579 0.8090589253103945 0.8167504880499205 0.8036061025398246 0.7980072134559341 0.8059794357571084 0.816357086813766 0.8449954853880639 0.8794094841771982 0.9196266772563129
0.8587983496127723 0.8696958961490505 0.8769677382758049 0.8811355582258551 0.8844511474643706 0.886155770974633 0.8872344608035386 0.8934144620848024 0.8919515413387956 0.8893210106229066 0.8851130368014701 0.8740370811270138 0.8588489751244085 0.8651982306895898 0.8632971963462129 0.8607715950514104 0.8632604137413687 0.8580818914976482 0.8657707660852538 0.8632559760371855 0.8613700252910386 0.8544406230111109 0.853555061416985 0.8500105468737267 0.8499468848328883 0.8422233333177895 0.8434898518131425 0.834075953503265 0.8318248918363979 0.8300299723520295 0.8278700569675885 0.8282364012986648 0.8256392585770547 0.8222027265031278 0.8133863880706442 0.8163920840850668 0.8150499705038734 0.8143663196881145 0.8010083054817656 0.8111048083122523 0.8205083428984757 0.8446039001629659 0.8750603988374034 0.9106268786822532
0.8536085910486909 0.8678892264930204 0.8779611852628276 0.8833622637896806 0.8873566206272174 0.8947342287975661 0.896318627982571 0.8966431581851282 0.889250563457715 0.8868193289979084 0.8833647534378202 0.8802144873762058 0.8694736006049383 0.8680628614368903 0.8690706572450252 0.8664527944261172 0.8666841105764309 0.8623078096386058 0.8690957178570067 0.8695242916013468 0.8656805599876072 0.8588578070704118 0.8552884955806277 0.8525156058418242 0.8523378951672086 0.8481091505745412 0.8460749656703672 0.8387404515220324 0.8361449239979306 0.8337800269827299 0.8298398236424563 0.8303780040656391 0.8256057481984787 0.8181874578290511 0.8075549475715462 0.8076759859795677 0.8205411461089939 0.821079920428438 0.8088710638804636 0.813576377307129 0.8260106056601833 0.8495204520142469 0.8740251556810333 0.9011020099164664
0.8607879211515922 0.8705581538648995 0.8785291669174459 0.8847324232129137 0.8951614671843896 0.8969917066260544 0.8927733896110529 0.8926391024552367 0.8920120356737566 0.8896974466250986 0.8880379970053216 0.8859101573772685 0.8749144379276912 0.8702006841414769 0.8723209558348656 0.871707636531068 0.8710692379975962 0.8703160796396843 0.8706164354596087 0.8681910540288347 0.8671845708095159 0.8628016112536505 0.8594612046838462 0.8568878523792146 0.853294807569112 0.849873554617991 0.849303230785179 0.8429613281576303 0.8404782770773831 0.837143779852321 0.8333349672880923 0.8326843457296267 0.8262612681228375 0.8232217111131652 0.8182980746674188 0.8163115495996485 0.8205530174995699 0.8201223427655172 0.8057501051871996 0.819922570524437 0.8288128679697208 0.8501286348476297 0.8663082598706127 0.8882149783734489
0.8670878245210346 0.8745121528374876 0.8854007362010838 0.8914542598619425 0.8968034559373042 0.8950379196919823 0.8944863785602949 0.8957248896695469 0.8941180143002152 0.8933817178147097 0.8859487152444337 0.8826712820556817 0.886760671118319 0.8772631274826443 0.8749979859598649 0.874562400179573 0.8738926299106363 0.8741392052853638 0.8728101388516122 0.8707046632802978 0.8702356154672908 0.8660653773333357 0.8632995285519345 0.8599365038637085 0.8586333796018452 0.8561538988248912 0.8516498280567265 0.8465028813237048 0.8454492184839023 0.8446657742670745 0.8410698205148821 0.8409589951782142 0.8380368293674879 0.8352468262998594 0.8291838849271502 0.830839703282617 0.8346644339576808 0.8330483833510052 0.8308267682315379 0.8387637483332566 0.8486532111091172 0.8684721427271218 0.8664669531341577 0.8781167750573899
0.8725850414085736 0.8785449249292928 0.8864161219666497 0.896055996201711 0.8942581642025983 0.8977158805570451 0.89907112619647 0.8941212435352969 0.8928594072423462 0.8902565036401986 0.8892762015219705 0.8928735838750254 0.8894360477171604 0.8860599260672034 0.8760853668390841 0.8777552688247676 0.8756834953515416 0.8756236648626814 0.8741797537840806 0.8729360950260483 0.8722491052061078 0.8695277880614785 0.8661189552465379 0.8630218461771718 0.8614608134722905 0.858970365629765 0.8563931146700475 0.8501327927454692 0.8460805961752448 0.8470148227309275 0.8441911674108306 0.8445652464999783 0.842465890322194 0.8356175128044538 0.8312069676333504 0.837038968312693 0.8362572162089524 0.8366848198558252 0.8384931189512502 0.8502770206014278 0.8563633506557429 0.8732249971147226 0.8657031366799828 0.8696150029201726
0.880231649173364 0.8806681850259315 0.8847141207150834 0.8922033063319328 0.8917232919509112 0.8950445159540235 0.8956978428711941 0.8952293924134074 0.8947731263746823 0.8995074687352854 0.897288421084239 0.8938855010568502 0.8925156646090323 0.889972621719598 0.8886034166810669 0.879676620662621 0.878051889923691 0.878101190623735 0.8754162598161993 0.8763422027675901 0.8739285046781868 0.8709760193060873 0.8711683735098568 0.8682028578412092 0.8658695550231962 0.8628905602579838 0.8611726560010486 0.8542823170501906 0.854544183431031 0.8522574548641986 0.8514487410382207 0.8512102376450643 0.8495762741685917 0.8446520208428221 0.841281182949553 0.8440485562909188 0.8449800939774481 0.8468897982078817 0.8542937508807836 0.8607127503193728 0.8732714934309105 0.8824190822139256 0.8673256734567456 0.864763378616243
0.884093164827126 0.884195969632499 0.8837185204715696 0.8920528982534923 0.8971389662418787 0.8974154262146499 0.8977978467561445 0.9026147498045153 0.9029435126448228 0.9015478719710149 0.8998295534206575 0.897703034224857 0.8955323899083146 0.8937137505290732 0.8902875626698074 0.8881442679331468 0.8804810602830775 0.8800580984837815 0.8779712424216113 0.8773687563756126 0.8769058832942515 0.8750867563564021 0.8726307856261989 0.8716518640599096 0.8704529205421957 0.8688014639443637 0.865464689910771 0.8616379469423951 0.8584754989810044 0.8597521066004659 0.8572242875132899 0.857989515116444 0.8500975248235713 0.8519368920710565 0.8453483526906377 0.8538631826925892 0.8534358957451682 0.8511999808146676 0.8625319196741071 0.8713130704015674 0.8828836285389361 0.8896623076414414 0.8802315187943768 0.8713170440756832
0.8888737047625757 0.8921600084703046 0.8913628718718863 0.8962957440143091 0.8988152617329048 0.9053220374187869 0.9047579705828649 0.9055917406501823 0.9052291422526145 0.9041777455230949 0.9020641749603997 0.8998626227409757 0.8982041825228327 0.8960027121706634 0.893300230399839 0.8905779723228382 0.8883298045659889 0.8789236221444433 0.8792649898429088 0.8795270520927045 0.87808480406214 0.8780129346561089 0.8763964992033191 0.873889768633947 0.8722058853820385 0.8703738637107246 0.8667396937469101 0.8628567609457805 0.8604594498685341 0.8556747228372804 0.8541011771660891 0.8566662921776774 0.8550169545048107 0.8536124410495574 0.8452280518954909 0.855637975230745 0.8547602104934177 0.8550473715968949 0.8553770951890656 0.8709480390206412 0.8830171132480356 0.8906765574995429 0.8810460286057485 0.8726550389030836
0.901509681302476 0.9010464063260477 0.8998913205668765 0.9020641433691371 0.9061948897517762 0.9055162964423474 0.9058978223339054 0.9070074218564286 0.9055042175010758 0.9049601901261344 0.9036105142207674 0.9022506213686972 0.9003709603920984 0.8990798070831629 0.896363295730961 0.8932145478709086 0.8905720811713426 0.8813563350107972 0.8815364730751364 0.8808450797163959 0.8808375228392165 0.8802406553194542 0.8789891404364187 0.8778412844662795 0.8751065689260085 0.8741151676764194 0.8697107241078705 0.8660254140749084 0.8662692389654546 0.8627075266625392 0.8632918567875602 0.8592796077169327 0.8611689930561157 0.8570726452384956 0.8565746938239025 0.8645750870803642 0.8596524271377772 0.8572547580070701 0.855777818745511 0.8702913191080454 0.8880169567314103 0.8987081115460325 0.8854165620099025 0.8766548909799258
0.9046592384885941 0.9035349002348386 0.9058788313881472 0.908248248167455 0.9068190057625486 0.9080755655863545 0.9065487624438052 0.9079498436907365 0.9068093079050608 0.9060920217633163 0.9052860311464452 0.9039626746645255 0.9028704465778401 0.9001815332882 0.8992576147837589 0.8958223892609808 0.8935519014289945 0.885176153946812 0.8826082964295177 0.8844098296364258 0.8834564662138186 0.8818346013728652 0.8815281272157803 0.8801323758954435 0.8784058386562487 0.8776527212545692 0.875272982109793 0.8710639797763765 0.8667878170146698 0.8650244415388259 0.8677060145174845 0.8637487422231775 0.8670619427867828 0.8592590546874076 0.8573107856365235 0.8634320163560991 0.855507030971091 0.851805899746214 0.8552778841578089 0.8714580701146099 0.8894609984240088 0.9011262453958813 0.8865851484446604 0.8786790888410998
0.9124080717150673 0.911251715195026 0.9086185390468611 0.9090553846990629 0.9078581186146372 0.9078816984714676 0.9089199823133174 0.9087192784181695 0.9087711715292373 0.9083801307880701 0.9062315835932149 0.904785585604376 0.9035385512198378 0.9026147540240517 0.9004961494984101 0.892580965927128 0.8969558706886519 0.8951346997025713 0.8922421949197373 0.885032614000993 0.8900402515517353 0.883830699034199 0.8827176592170758 0.8808552436966685 0.8796271560709307 0.8779183955574851 0.8759854661648077 0.8717174637068508 0.8704261227474288 0.866486249901746 0.8652154382092142 0.8666230626380839 0.8668704585610729 0.8569173791658962 0.8555847869793016 0.861290423838698 0.857832224344188 0.8588761121309716 0.8631096432460262 0.8785821763735696 0.8961868834297886 0.9076918942974048 0.8914334980266452 0.8830928763274136
