resources/Input/skyview.asc
NCOLS 226
NROWS 352
XLLCORNER 1677280.0
YLLCORNER 5075260.0
CELLSIZE 20.0
NODATA_VALUE -9999
[rows 323 to 341 of 352, columns 0 to 43 of 226]
-9999 -9999 0.8441862644870523 0.842321495127667 0.8321201243526984 0.8266450473917466 0.8222837567648625 0.813536569847025 0.8182221721720125 0.8421666833506696 0.8595201424742683 0.8876206134825927 0.9127156787237033 0.9282643314911189 0.9232646044673525 0.8926333584468032 0.8724848807777059 0.8532278756335583 0.8421595248509326 0.8328034080897375 0.8199758162120292 0.817915794074988 0.8209580508898804 0.828665633561816 0.8287321720534875 0.8331890617288751 0.8301674742682837 0.8363361913248066 0.8344489730600451 0.8394490336834266 0.8396499762030578 0.8420625341931743 0.8466391067508207 0.8490187636916203 0.8509535609139863 0.8554423522226806 0.8567935246524553 0.8564836872009539 0.8582640098143963 0.8591488328689081 0.8617441540326811 0.8650238374338202 0.8669766215999393 0.8665705706469062
-9999 -9999 0.8402945535348325 0.8346111004000316 0.8294691927051915 0.8203611119930692 0.8114616081164453 0.8019780740310087 0.8017884847726514 0.8248185664211355 0.8412384055009878 0.8782453458230679 0.9097238142060446 0.9290091122010248 0.9233405956381623 0.8901573956529093 0.8651085018242102 0.847532593534129 0.8368201440826178 0.8250524566307635 0.8157579441836946 0.8130908137321623 0.8156518600541055 0.8142552118726 0.8168916180390184 0.822044548339787 0.8273582505770497 0.8262417924913307 0.8348251861127285 0.835592741886577 0.8392393332649837 0.8433202771825044 0.8464367540501064 0.8490967684817873 0.8525444594952121 0.8541684108624694 0.8547100714036203 0.8528857000910738 0.8546303331299276 0.8577816131226481 0.8599143678784371 0.8622121285617048 0.865930391651197 0.8631639073160248
-9999 -9999 0.8465500928181616 0.8401937624983178 0.832646813007401 0.820905352019554 0.8187948445016872 0.8116136227202242 0.8092182156029423 0.8268471827614415 0.837943933262941 0.8689425338424156 0.9032461485073697 0.9256892209900263 0.9205485727444223 0.8868460055330766 0.8580477035890101 0.8448046389219622 0.835065933036117 0.8308976197474073 0.8156250623673921 0.8133642096885075 0.8140427045093008 0.8155741240262091 0.8247591673584731 0.8258458837785454 0.8282832946180838 0.8264658893228786 0.8301719230314628 0.834930397078979 0.8372141273825681 0.8414833877953984 0.8441380892365613 0.8476125225539427 0.8501743835062016 0.850593913342425 0.851272253323214 0.8508916018989942 0.8486876073607489 0.8518899561693186 0.8521299006764843 0.8562300299321229 0.8612555657449447 0.8598640916006559
-9999 -9999 0.8624399317051592 0.8564131534455536 0.8537413650411297 0.8447272186279593 0.8376937997280719 0.8258059974586031 0.8280697662075034 0.8368913334009587 0.848438989073589 0.8751101556521707 0.9052865172972736 0.928253856207446 0.9256342624778998 0.8899929487506151 0.8612638450514132 0.8496367049479521 0.8437097061867399 0.8388522671607542 0.8290462103905288 0.8237945887852709 0.8262420487228909 0.8221953860047124 0.8240054880415317 0.8240855952904328 0.8275278639290747 0.8315913519315598 0.8314847467587889 0.8358109925157673 0.8395104436958939 0.8425010328696787 0.8480187313625325 0.8501622431693464 0.8514594943654188 0.8534413063163876 0.8523130015609713 0.8484513528771251 0.8480255864636123 0.8537840551495363 0.8525248348724862 0.857355619448309 0.8603378769893629 0.8541072069642094
-9999 -9999 0.847804719912386 0.8488243594904763 0.8469869693262774 0.8381845863580807 0.8300855823185157 0.8255374424183136 0.8196400423755964 0.834236115339607 0.8308569775444317 0.8643332039034721 0.893915177099128 0.9244353148359823 0.9303696301449541 0.8989562644893162 0.8599868568845135 0.8474109504028426 0.8335132478106095 0.8209815617336612 0.8214698833008293 0.8162545406605088 0.8123605711174993 0.8141833676341854 0.8193510363990141 0.8180069291735248 0.8183595509977851 0.8250782307721533 0.8290171357260893 0.8311357899955034 0.8367936022928658 0.8415082672244304 0.8471110369903421 0.8481047698480748 0.8487361000499215 0.8496007091380615 0.8509305200001046 0.8476481847866412 0.8480628355146975 0.8523555739874782 0.849937736743051 0.8562113073454495 0.8598538175190161 0.8544146137494532
-9999 -9999 0.8549818060803571 0.855198072976536 0.8495335196806726 0.8512517407205841 0.8527049373832956 0.8456950438950895 0.8433292593158678 0.8526206616808817 0.846544804585082 0.8696375071065108 0.8932481749493938 0.9225336341746913 0.9320297476700323 0.9026750686973735 0.8625611936793316 0.8473072008722027 0.8410045766737932 0.8333765781618075 0.8301558482500196 0.8246089150173658 0.817104081903482 0.8207006334406364 0.8218977460287414 0.8219137543551269 0.8222451065565227 0.8226466501120928 0.8284185305488512 0.8294740401915126 0.8344539948988621 0.8401571142628662 0.8447922845122722 0.8432276300323798 0.8443722594060824 0.8457461164501952 0.8439843250362232 0.8448647024127569 0.8439813594647744 0.8469777243943877 0.8476738977958632 0.8548855036472528 0.8581796092614303 0.8490675176594701
-9999 -9999 0.8349870067612084 0.8284794112424125 0.8318492619213309 0.8460850172153118 0.8461387031753008 0.8460493770623909 0.8478523102527633 0.8471199821837556 0.8377657944177719 0.8612897582481472 0.888181319651279 0.9172305261702525 0.9362531375760099 0.9098715632438107 0.8695584179036766 0.8399651039979005 0.8258665285343625 0.8265900157775355 0.8215159498285667 0.817503440951663 0.8143356412235482 0.8156315479308843 0.8132730676792257 0.8122123438507535 0.8104319507748516 0.8174255933948934 0.8240149406487702 0.824879329754276 0.8242830142558741 0.8302921947072325 0.8311547435864458 0.8311658272057592 0.8383326455668143 0.8371168174529672 0.8340844047121193 0.8317948772557892 0.8315971384791236 0.8346110377975208 0.8371462436664454 0.8383944963667345 0.8402775034758142 0.8283273071541479
-9999 -9999 0.8291226901960506 0.8249763576045478 0.8231029420971785 0.836770175525687 0.8476970476523684 0.8513494306545852 0.8530468048969263 0.8560088577409894 0.8425183780360687 0.8628062408156189 0.886714466577582 0.9163105293549064 0.9387263535281667 0.9186979596188146 0.8684956515499893 0.8395141674755788 0.8202954094306518 0.8091678728528195 0.8096973244825981 0.813580820442704 0.802779982656422 0.8112009130526514 0.8092079263277574 0.8094385335975356 0.8049498802334644 0.809253507576071 0.8183758461911209 0.8195200716580511 0.8243242558423586 0.8292839068997979 0.8293279077075826 0.8340852760259787 0.8346800243467264 0.8346656165157961 0.8307315792839582 0.8302971863403754 0.8320716239882994 0.8392679726454483 0.8420349981309555 0.8453495288521246 0.8483327972491616 0.8303772271353248
-9999 -9999 0.8304453322867433 0.8239495597900964 0.8167553334719502 0.8296100174808795 0.8391602193137192 0.8552332224066135 0.8478866034852646 0.8559002389318047 0.841916469857427 0.8619435459104865 0.8789907141248249 0.909018884536894 0.9350414077018621 0.9145473442454405 0.8670311592072271 0.8356793405733209 0.8159061279295176 0.8116238677088269 0.8091863752790307 0.8027776096963011 0.7992848547155661 0.8049685361486476 0.8050985608463558 0.8056982744649858 0.8039620474896245 0.807638157623408 0.8147951130230123 0.8191343464543637 0.8221560546584601 0.8235379605545342 0.82192032106508 0.8306290857599231 0.8299153087798089 0.8309481146547681 0.8333997136506055 0.8291049385989594 0.8307777718239796 0.8369860211434521 0.8380804444679036 0.8457961719365192 0.8434070108114193 0.8303823853066302
-9999 -9999 0.8271704662448224 0.8206394039284659 0.8013717532378141 0.8195446759104901 0.833212161435208 0.8459840793152393 0.8506934828883106 0.8537532340946774 0.8453879435470252 0.865964751038085 0.8790427323150857 0.9118765526720193 0.9343203494536692 0.9173895940513203 0.876841320164967 0.8440082077116081 0.8201023886530193 0.8173992791765367 0.8078062365735483 0.8066390110890769 0.8120394469418993 0.8200756896409326 0.8190082218608143 0.814461963088372 0.811330038635081 0.8106778371041853 0.8135624239913453 0.811993130770536 0.8163235133482344 0.8128900241341155 0.8057877733584645 0.8228626715530514 0.8201313470673948 0.815096127087935 0.8218846107276696 0.8151926886556328 0.8208558954274957 0.8373887502485792 0.8343495259913767 0.8402835116775161 0.8363032911071248 0.8196581753931647
-9999 -9999 0.8411647634152665 0.837619633613279 0.8301489569611677 0.8354414748916327 0.8411045360319972 0.8492135994700172 0.8507736552375015 0.8553822554470548 0.8531128982715465 0.8653142289940732 0.8829452055187639 0.9138478772337932 0.9368029319465637 0.9216911408204228 0.8775514002943898 0.8451424160057059 0.8195523885621555 0.8131636775574896 0.8114351297271274 0.8060844172231507 0.8094114259489978 0.81719692156967 0.8184739918032515 0.8174851844673502 0.8171307974009256 0.8200866858489744 0.8228354887612954 0.8193463013630459 0.8182825408500682 0.8165114850847972 0.8170389992343643 0.8299059994051848 0.8360883139178035 0.8326604577545721 0.8398635745992086 0.8343404828804081 0.8407541539799942 0.8496788727662308 0.845930951318658 0.8554003542343441 0.8510255957063769 0.8309712587242526
-9999 -9999 0.8417600322884965 0.8373993906686173 0.8263962392959253 0.8304241662288006 0.8395245145147705 0.836581507969203 0.8420375042000672 0.8435760911435877 0.8464421873042679 0.8641426133911829 0.8844187923674105 0.9162708153116922 0.9402559088506356 0.9305929093382849 0.8905471626372748 0.8599570514208494 0.8331555612164346 0.8172009209796673 0.8108530625629669 0.812766504507999 0.8066803886599277 0.8160210587855963 0.8169956825659339 0.8195293084727778 0.81643566817163 0.8262218240454848 0.8269417398157484 0.826585781904505 0.81917442020255 0.8256110884571174 0.8223426017931751 0.8344883285028996 0.8402243686549246 0.8355480746184762 0.8449656803160608 0.8427793751414662 0.8415749766804823 0.8531163631467225 0.848945737685731 0.8561460057233359 0.8572759924311266 0.8379620933237908
-9999 -9999 0.844269136199477 0.843858459011522 0.8388394480926951 0.8463057840310773 0.8487962489983525 0.845167743296785 0.8462952256082295 0.8484535096971422 0.849232869227357 0.8562915500035448 0.8816000136999432 0.9136941292054847 0.9408389178720823 0.9400953955404472 0.8999929578708417 0.8655832726136002 0.8395493492748509 0.8252623432365177 0.8221293758508275 0.8140430254266623 0.8110911668781496 0.8192580413238333 0.8188177811661577 0.822672569433107 0.8203849260425113 0.8281577867061242 0.8347283103480501 0.8254448857523909 0.8273134594598699 0.8323483129593233 0.8273624954600086 0.8430697190567101 0.8515540267472305 0.8504653438778113 0.8570278044030611 0.8497733959266198 0.852019826222279 0.8620927507328046 0.8581484546602985 0.8611724528899347 0.8623885486884624 0.8433387223849178
-9999 -9999 0.8432738286033077 0.8441760058700438 0.8389796239122996 0.844406211554426 0.8415293360772299 0.8352953497286502 0.8307108955799227 0.8376468706039772 0.82910740355747 0.8409914255149143 0.8731111776809501 0.9085799846831017 0.9404454141967933 0.948089112167139 0.922212133385745 0.8840361042463393 0.8535193669077538 0.8424346585529741 0.834699483235186 0.8243828277929007 0.816538372960598 0.8164968264327941 0.8135345893502025 0.8259525289920223 0.8267028286252321 0.8301160444929077 0.8307585502805078 0.8268651496484081 0.82833804806489 0.8388255247433885 0.8392717578876673 0.8477103678560346 0.850144220000007 0.850505648556522 0.858308778491985 0.8569108388376484 0.8563571497499723 0.8622195053017577 0.8535865256005417 0.862111497559428 0.8559376909673653 0.8537972477565067
-9999 -9999 0.8643520716403177 0.8586413696919862 0.852416135341523 0.8542292769783609 0.8459630955617669 0.8395979895168123 0.8375950870614385 0.8333372900415569 0.8256253056719196 0.8418327140471784 0.8688412707679196 0.9038327187357698 0.9361973642809701 0.9499295989720654 0.9306882367983952 0.897112313275611 0.8704523921225 0.8532973265514634 0.8467459318726909 0.8379479063237038 0.8279984769457802 0.8303269485353414 0.8228570360826054 0.8305765940145182 0.8315742669633002 0.8350479272609326 0.8398283823660863 0.8328375609145487 0.845971539672923 0.8523298576188355 0.8517143500758031 0.8644350362880333 0.8649543085235087 0.8661141556002429 0.8787828155862868 0.8731122455084498 0.8724875376980425 0.8769204523009075 0.8772272578299787 0.878384675271227 0.8770810968014978 0.8745109235035933
-9999 -9999 0.86167446172194 0.8604728250455541 0.8566751942011407 0.850929200150066 0.8441198433858901 0.8380883021585646 0.8332453600944089 0.8318187344836606 0.827230823008684 0.8415887270058425 0.8618205838571706 0.8976461462476937 0.9295206042676737 0.9480813129088462 0.9367742876898 0.9061125534227759 0.8715800565194214 0.8570098457805629 0.844246087373601 0.839686959461374 0.8273336919297316 0.8230176083849194 0.8241139739804066 0.8306750743863244 0.8289296048725991 0.8380948115908476 0.8413142974114631 0.8405851873186646 0.8490098510344208 0.8597386471507455 0.8660417691732053 0.873487039900795 0.8760792842832112 0.8750264314866875 0.8829755969937195 0.8799636952699179 0.8862927827396577 0.8887906649405671 0.890813055267207 0.8924752066295292 0.8918451655500798 0.8875973779513283
-9999 -9999 0.8597846822812333 0.8656496611586961 0.8635047432851679 0.8609104842424989 0.8497409585259158 0.8364796117109821 0.8388463716356128 0.8359364966755289 0.8283301805357677 0.8442038375700324 0.8648906249391645 0.8904235897736541 0.9255718897560321 0.944417041210268 0.9424885862038418 0.914177141328669 0.8839842698345131 0.8630038852548888 0.8506664346049769 0.840598681510431 0.8349955425927458 0.8245241127547308 0.8258140625386456 0.828092192862326 0.829031018789699 0.8307345610756548 0.8444428306010419 0.8392569954982795 0.8529391787594933 0.8713564923107778 0.8728028038097566 0.8765562071638834 0.8797259827547798 0.8816156356121279 0.8781252362885926 0.8736500521147907 0.8800948575712106 0.8876727851239952 0.890800416155169 0.8989696858451588 0.9044270070274021 0.9020295340243067
-9999 -9999 0.8450416395436501 0.8594724900836619 0.8648314698956812 0.8555089399738595 0.8461281146668403 0.8312674905316174 0.8384062154110103 0.8281839911786575 0.8333077688737437 0.8464735149041215 0.8615019095611551 0.8884336512684071 0.915841013480464 0.937087621083279 0.935267598882125 0.9124205713510751 0.8817115567503799 0.8589658502122722 0.852748815458644 0.8467631538088883 0.8354142325390657 0.8279122021041178 0.830208981679779 0.8275680499851471 0.8233368022334906 0.8327759894600071 0.8366702735200686 0.838756436841805 0.8586348179032351 0.8726883628681112 0.8775594568837384 0.8822774365676685 0.872894511639685 0.8716330331408255 0.8703887582864593 0.866587626074339 0.8666405242237749 0.884444853932034 0.8923908465123945 0.9020222389725817 0.9105545945705842 0.9082804691554169
-9999 -9999 0.8205040296532256 0.8342431152643268 0.8437862927960544 0.8475874964918407 0.8473669527907951 0.8416648073790407 0.8344383529361376 0.8376772836119806 0.838559899271106 0.8528954256316936 0.8680306253726262 0.8848674257622573 0.9095436874830135 0.9304279450221369 0.9298842479136719 0.9037728071381345 0.873902238779264 0.8542872440267518 0.8434967792698073 0.8425972853102379 0.8351964258987935 0.8326274710130739 0.826746399322703 0.8252494343384025 0.8209356089954503 0.8346627108714066 0.8436587660916064 0.8474043745489269 0.8536396359564085 0.8677542611495479 0.8748398313311626 0.8793091578229306 0.881335219603595 0.8756971808030963 0.8753485060888432 0.8709829423521945 0.8781184167193405 0.8939879162664698 0.9074453877861918 0.9151868306443735 0.922168693944522 0.9148473526051757
