resources/Input/skyview.asc
NCOLS 226
NROWS 352
XLLCORNER 1677280.0
YLLCORNER 5075260.0
CELLSIZE 20.0
NODATA_VALUE -9999
[rows 38 to 56 of 352, columns 0 to 43 of 226]
-9999 -9999 0.8139945385739622 0.8087750999364429 0.7952527155475375 0.8121907303441661 0.8200584866058327 0.8225432486666587 0.834231511409074 0.8391472808256921 0.8442205791540464 0.8506033836606605 0.8535323730245158 0.8564398373660685 0.855314490092174 0.8637034335056173 0.8686963925849033 0.8701854142946476 0.865075549624397 0.8473802359021171 0.8313900523819535 0.8166353018573188 0.8100017384294156 0.8128993685617836 0.8153192313380053 0.8252650626437037 0.837337053314264 0.8414247154362071 0.8529672448557349 0.8659839873131273 0.8810752472156769 0.8795233280170794 0.8814264999879123 0.8761443803855062 0.8800037079739459 0.8742698609530468 0.8645097665270984 0.8554953289179026 0.8659565955611164 0.8679091447268968 0.8750819072570244 0.8898670814515155 0.8942398529841455 0.8728171530331132
-9999 -9999 0.8143348967730581 0.8041654785471619 0.7890905560836527 0.8038695972038646 0.8107355124653763 0.8135453574963404 0.8297888252239484 0.832821353346079 0.8382216266813601 0.83641857294105 0.8443901712983348 0.852458908481632 0.8593782743140811 0.8570883052733201 0.8603382137095865 0.8627409123890505 0.8662066387262587 0.8479295027443775 0.836709592626739 0.8283938868753128 0.8209534409650724 0.8252593739715065 0.8237258778066319 0.8255911755915591 0.8352841858173149 0.8469761133972694 0.8651802742254863 0.8689207596036941 0.8731798626210635 0.877017871416701 0.8786395330530089 0.8830450932209452 0.8836439577652836 0.8837257449108511 0.8766416122781 0.8790264873915942 0.8698811078280249 0.8695949978025329 0.8693560442319289 0.8873243975846781 0.8911245382235534 0.8750605981669175
-9999 -9999 0.8213403112364428 0.8049754532833703 0.7823165177840758 0.799365749700794 0.804216778502921 0.8114270821163618 0.82455929430128 0.8230359447909263 0.8313530044026668 0.8326166360781185 0.8384662740543591 0.8445761316389152 0.8437808872460305 0.8452974310240392 0.8498382733164829 0.8543602851485377 0.849984855698387 0.850140458517391 0.8387219276012148 0.8347035692603331 0.8311364489010901 0.8298783698794316 0.830894549931607 0.8424942865462692 0.8552681537811261 0.8570195397305891 0.8629944771074387 0.8675714969409373 0.8710535836219914 0.8745177787886415 0.8780275571999256 0.8816227804935428 0.8853965291919991 0.8894356820301691 0.8846694592533487 0.8805581151402598 0.8733496912419395 0.8664633473932467 0.8582120771364472 0.8767176661319445 0.8843946736125925 0.8725375237411694
-9999 -9999 0.8329542557585623 0.8137765049952804 0.790160925184113 0.8064116671942728 0.8024110562974063 0.8078781493051743 0.8271204051070523 0.8265616142225947 0.8301050469516018 0.8338918589376222 0.835358995673718 0.8365379887609212 0.8432516072597274 0.8330526402420763 0.8373201162242461 0.8396444076628933 0.8452254332266412 0.8485417932415217 0.8422622047081394 0.8349370259752414 0.8355182376495298 0.8405973605592423 0.8502595376287331 0.8506435415413979 0.851800809239781 0.8565026985756052 0.8659184012096534 0.8691486530659683 0.864509030066189 0.8700571569161408 0.8745691001272805 0.8785529918328835 0.8858184804198308 0.8855666477877874 0.8858654493435344 0.8860062584638523 0.8659144082802894 0.8420162111394568 0.8328867660096182 0.858973800799799 0.8788075152035407 0.8710587526636986
-9999 -9999 0.8334822145238613 0.8181660526569738 0.795939916380242 0.8012499508706827 0.8121438684697642 0.8079416181166964 0.820681387206343 0.8145118551020706 0.8037129367417178 0.81701047189309 0.8247752337711041 0.821863055194007 0.8237327254919181 0.8097623449530897 0.8143004961772906 0.826934023705856 0.8322391614587352 0.8415614505631721 0.8409347350285064 0.8423674837801404 0.8459027847258453 0.847267552746288 0.8511481362125416 0.8541530332469205 0.8539438676177156 0.859632457390209 0.8616133265729241 0.8643123284264459 0.8664322696968649 0.8614378955570097 0.8703843309921732 0.8728445997242269 0.8648694563568209 0.8774208402396187 0.8786271097188257 0.8680062496604608 0.8383595905796285 0.757184947337938 0.809575457982843 0.8348144095471851 0.860555496643567 0.8702994619504257
-9999 -9999 0.8437188910232443 0.8283002137814239 0.8200182703878902 0.8211711577024646 0.830143402874842 0.8230277034454508 0.8276238699443725 0.8278302512546346 0.8118207095419078 0.8299283635243547 0.8259653989792954 0.8266456484556945 0.8267939799150861 0.8146520303684632 0.8042743547274024 0.8176702120063426 0.8243957976483914 0.8258194615418528 0.8329902438700925 0.8367084407984016 0.8381114884491515 0.8463416556093497 0.8495136808328967 0.849437566444646 0.8504499549561375 0.8523161845844697 0.8534150029791553 0.8599644164929281 0.8627737698256828 0.8668758305025106 0.8702257183681273 0.8724790445823375 0.8772722805441446 0.8746272884687208 0.8740212481072076 0.8564664962599391 0.8377186230482977 0.7984507734538676 0.7753587672577121 0.8221972455738404 0.8463636312683328 0.8552703198130619
-9999 -9999 0.8598645839905752 0.8467821011534353 0.8330368504405122 0.8279465305333943 0.8338332121646461 0.8243172614750982 0.8273956513419702 0.8281002681214662 0.8253821545999932 0.8179520850241444 0.8283091299985423 0.8326452622939653 0.8328533861771219 0.8173109314524065 0.8092031092918249 0.8161297058672339 0.8226290135750085 0.8196954541320518 0.8278965552440914 0.8338684664974919 0.8406143191992197 0.8474177129160997 0.8471708455557547 0.8514010224953816 0.8505162619936154 0.8554757363798715 0.845153014849818 0.8576842316978662 0.8619551393494356 0.8629194656039418 0.865514131906291 0.8655344795069042 0.8697287105571756 0.8703384314013047 0.8669596827817845 0.854042349283482 0.8411824758448658 0.8226891356368896 0.7956202898214202 0.8141775030480433 0.8370905771526824 0.839999475170623
-9999 -9999 0.8780625596553513 0.8594182980069495 0.8529914807219889 0.8402313176579124 0.8434040395932831 0.8316220008046386 0.8389504600915265 0.828673483977513 0.8331707968945165 0.8366020834813751 0.839271522168187 0.843189286255039 0.8392520022512668 0.8273844081559638 0.813875372402995 0.8181363784292232 0.8191655458431757 0.8174005993695479 0.8252926099532454 0.830096516856304 0.8393874641895078 0.8484357022125313 0.8464725178350466 0.8497342683066341 0.8477859457197017 0.8539357099027032 0.850205964720862 0.8587508273026988 0.8628730153673242 0.8667346692653772 0.8682632538193901 0.8752472291401948 0.8756979417212567 0.8704182567176033 0.8696210520425027 0.8543060359129202 0.8436556278890903 0.8241093754143514 0.8043309852530085 0.7564772654848744 0.8222383825415563 0.8341191029999047
-9999 -9999 0.8908996370815828 0.8697115190936914 0.8612023655436288 0.8484561758881516 0.8302952307737403 0.8310534182397881 0.8360944516947499 0.8366200344122149 0.8339518555830769 0.832927296614999 0.8477362728423301 0.8463605641462192 0.8332423379691155 0.8293264906053173 0.8137792012049365 0.8144569729889758 0.8142083757964522 0.8177221210927731 0.8230796897542587 0.8224297879655219 0.8313256128310108 0.8376047407683153 0.8413323098121599 0.8472923051658741 0.8453159595792351 0.8507163100446902 0.851350790008683 0.8605951828960574 0.8669382180034548 0.866740392627027 0.8718046169110936 0.882959791100789 0.8844305914763663 0.8732493217815462 0.8668626113170425 0.8552045285846749 0.8382213428008308 0.8313070420413049 0.8127470975220967 0.7961533953981031 0.793503455088584 0.840395871467285
-9999 -9999 0.9158280506700477 0.8977542577204574 0.8834121102994555 0.8703274594114581 0.855084635257199 0.8453532244312982 0.851320161143587 0.8483728659090586 0.8461044876624951 0.8442394884935239 0.8508500792562469 0.8509495737490756 0.8448594506217791 0.8311140844221001 0.8299642930494748 0.8281087174852731 0.825644223631209 0.8289465443328601 0.8254513048541541 0.8316598983891127 0.8308974587043231 0.8407691843148382 0.8424625621613122 0.8459936015271857 0.8426971402418206 0.8508258779455475 0.8529675715500726 0.8646441157825053 0.8703951547209724 0.8814067861206663 0.881616920899916 0.8845085291642496 0.8803423171737091 0.8741440718797693 0.8711082513513376 0.8553501570796056 0.8443062847278447 0.8387501724669559 0.8227226783691075 0.8179724408314081 0.818243349044109 0.7931431223253008
-9999 -9999 0.9332745091189509 0.9207896413076463 0.9017889211906102 0.8840319631461334 0.8643398931844758 0.8441329494268216 0.8485522331082331 0.8387391771099205 0.8395707779255597 0.8391607184801028 0.8416117729919227 0.8434506233566523 0.8387763234541754 0.8298516501815324 0.8309151647277017 0.8362113699704797 0.836363935792696 0.8290993943346329 0.8216799836871422 0.8270007858843672 0.8249417971595322 0.8287393958026393 0.8343777936857626 0.8427258581317737 0.8388458941356296 0.8448475719034776 0.8500239431862345 0.8630470624675111 0.8693913455197402 0.878997212754422 0.8713736803636679 0.8793640611219549 0.8748193868902224 0.8708481392176223 0.8711001743103521 0.8559625541771281 0.8439411675412856 0.8387561662500211 0.832818294508027 0.8276999457495324 0.8215728389093092 0.8181161979182454
-9999 -9999 0.9410241067132786 0.9346594155998253 0.9194970947824758 0.9047973241162924 0.8802873059301873 0.861018377007381 0.8493937692361889 0.841835513467842 0.8383035674461337 0.8399415345033331 0.8407973637549668 0.8368919692031164 0.8342415047560959 0.8298964517806464 0.8290257629411849 0.8347234991546345 0.8373233966722546 0.8263589255025396 0.8206034000872949 0.819413245558671 0.8182420858655296 0.8273315233445092 0.8284657798472994 0.8312000136561691 0.8313990455529191 0.8366749366049677 0.8455722038876338 0.8562273746471014 0.8608418459053088 0.8661620612974565 0.8680827812111266 0.8698978347631515 0.8671718491023074 0.8670630011802296 0.8655660831616501 0.8550348079605545 0.8473585256681408 0.841445595857653 0.832812289705066 0.830994875078711 0.829228495644435 0.8258362737726878
-9999 -9999 0.9481742759232182 0.941771526920939 0.9341472663762446 0.9243090805608566 0.9018292451385341 0.8765693974186042 0.870924552030223 0.855871874975495 0.8517046312673457 0.843998584336725 0.8397240348715622 0.8424719968289117 0.8358684795666262 0.8387630908153197 0.8399840801040986 0.8456414547426392 0.841583323397346 0.8370142380129202 0.8341960213621533 0.8285594357994249 0.8319714835422771 0.8324205216691916 0.8325377242167804 0.8448214775303836 0.8389890956135089 0.8473284983431701 0.850254095302058 0.8576677310069635 0.8636864394070173 0.8697116361340036 0.8633694522617953 0.8652168534342065 0.8638227690015228 0.8671197711339468 0.8649859794417999 0.8537381004112887 0.8473183442496448 0.8402348393543636 0.836672787644809 0.8305162291522706 0.8330779476725275 0.8270959103506964
-9999 -9999 0.949498332344096 0.9483264994075348 0.9420843159275232 0.9342186232114416 0.9175599214140586 0.896022244643031 0.882447777795057 0.8681516680180023 0.8605400939531966 0.8517986602425005 0.8419536242085938 0.834582068255256 0.8277202176597307 0.8274234980572882 0.8376687217887487 0.8360999709064016 0.8370195803608271 0.8287183668271092 0.8250972315304307 0.8214092120779733 0.8195063062841381 0.833550288541556 0.8342915366857151 0.8499359572638754 0.8371113351789428 0.8503809573981091 0.8567363156908494 0.8576361203309929 0.8565216363229519 0.8570692944331326 0.8548083573491018 0.8603297453277591 0.8537618680977863 0.8585824812316241 0.8590330686716164 0.8476003621916682 0.8430997035982832 0.8391404713114657 0.8303749406468792 0.8294805738495863 0.8301316517866189 0.8246538222165434
-9999 -9999 0.9521239577054527 0.947911675273599 0.9438558516210541 0.94094982665084 0.9292723846412779 0.9136095823985965 0.905268707645291 0.8942196179491145 0.8835214330212828 0.8723777906105055 0.860674888664586 0.8464346783124665 0.8470026445104023 0.8367743301531884 0.8510743200940929 0.841045948759199 0.8443709755865381 0.8378988167321956 0.8229063798594448 0.824514147990616 0.8232042816495936 0.834211989850294 0.842815462562075 0.8524390097493579 0.8522013797759742 0.8595856738190686 0.86716903663791 0.874239012660221 0.8658122774734537 0.8588379306970205 0.8504317694304675 0.856322421205019 0.8583997867339076 0.8537533005814492 0.8591533065400058 0.8484486335342734 0.8425902606759881 0.8421104068620223 0.8306361827130948 0.8301087799516007 0.8321966085608502 0.820090096117451
-9999 -9999 0.9518807059815246 0.9472117447556722 0.9429776870997517 0.9413016374910953 0.9354746917049749 0.9273517185968476 0.9268971940761833 0.916171409018564 0.91081194927681 0.896351460182315 0.8824349971521899 0.8653057035224175 0.8520818279093774 0.8497866292701693 0.8556814773240107 0.8515127242405944 0.8459661829469077 0.8403474216535535 0.8246940635379775 0.8274973027253997 0.828734649865948 0.8299739620993926 0.8448399282849859 0.8573273057188066 0.8569284817095046 0.8682486968989663 0.8739193782898795 0.881794800339154 0.8666599135697419 0.8619399674507824 0.8530485667344135 0.8513183748564339 0.8522249962864813 0.8482953629380078 0.8535990066835498 0.839276047996212 0.8389469548827182 0.8308961890800954 0.8266240996102029 0.8228349699555393 0.8249370290781006 0.8128068028562997
-9999 -9999 0.9527345749289908 0.9473238001115151 0.9394830407252273 0.9408904696273108 0.9392486288605456 0.9329723807072396 0.9393191831193938 0.937719343883653 0.9308175622872082 0.9160379458940235 0.9020119865943679 0.8852762499308193 0.8777511766369819 0.8748528824650097 0.8769296427381001 0.8709166262497593 0.860302214438622 0.8564603645023776 0.8419810724805635 0.8310433611820748 0.8267751857196245 0.8311147578698341 0.8419294180204073 0.8502785200462484 0.8596496873599134 0.8714073819974661 0.8722373189571694 0.8810178522664562 0.8666001124075677 0.8630617056290206 0.8497995417641555 0.8574767142639677 0.8541182094102885 0.849745335842377 0.8507602148750434 0.836320706027261 0.8348920670827338 0.8300968568805951 0.8180768761400263 0.8140595350411756 0.8100112079967857 0.7968361422477391
-9999 -9999 0.9515053082878171 0.9447674933207181 0.9346887329682579 0.9334304591898657 0.935982053828732 0.9343850903838202 0.9443087448885549 0.9465763935466281 0.9447482282480375 0.9363867321507887 0.9229006885235366 0.9116739962507793 0.9049003133206711 0.901645796851002 0.9097290615002659 0.9046086361731449 0.9007854000020353 0.8890420655689808 0.8731427058887651 0.8674905283230729 0.8551948131534086 0.8488954406611864 0.854337526889786 0.8567074531927653 0.8542582472255996 0.8672825306821516 0.8700842415554175 0.8764961563672747 0.8671594131638178 0.8648519868287494 0.8548966105688186 0.8537375632515364 0.8480787414719537 0.8466177912181431 0.8454292095335185 0.8360007884466018 0.8257514332725006 0.8252356611586875 0.8182793322411017 0.8082381267210196 0.8090960270870584 0.7935077635907566
-9999 -9999 0.9497235374098376 0.9411995687761036 0.9309087087275889 0.9306465530266574 0.9343310561748761 0.9338377041492097 0.9400942996193618 0.9422110615767613 0.9466368432310382 0.9422145152237693 0.9345837027301264 0.9290577559944538 0.9300465311956481 0.9290568816023502 0.9372139026677516 0.9397399420409609 0.9323228139511692 0.9224539036849837 0.9088151005886353 0.898665421358331 0.8772105841583313 0.8623827479843058 0.8569604136241353 0.8549603950359481 0.8472055174265859 0.8623951652709829 0.8597996012317026 0.8700977939392358 0.8548571735079861 0.856582013685128 0.858406866530647 0.8564866034332167 0.8491534111479057 0.8418744117635371 0.8462315301108235 0.8386438409120712 0.8182587929726559 0.8151796198999565 0.7982780142443928 0.7902312999186644 0.7843797939278437 0.7835908369991658
