resources/Input/skyview.asc
NCOLS 226
NROWS 352
XLLCORNER 1677280.0
YLLCORNER 5075260.0
CELLSIZE 20.0
NODATA_VALUE -9999
[rows 228 to 246 of 352, columns 176 to 219 of 226]
0.8645963263290057 0.8708764119213054 0.8732926646277317 0.8672551254251987 0.870136155236057 0.8661942093425316 0.8367069311560272 0.8273190976385236 0.8142293287581073 0.814703951006603 0.8080703977393603 0.8037853844260915 0.8042854384887461 0.8166525081546345 0.8220183081646568 0.8289622588549733 0.8419298954962848 0.8474541587267529 0.8560581626803603 0.8585785231404576 0.8683471504103313 0.8679958781363202 0.8642499063080685 0.8549735733041368 0.8585424754400247 0.8514907858067815 0.8476878683408452 0.8358304628222435 0.837478322931157 0.8336864881327438 0.8327049390233103 0.8491644545699975 0.7956723697407453 0.8289220068623839 0.872084207452284 0.8829996164941787 0.8580360014506194 0.8437423197677747 0.8452354691877885 0.8521734840725516 0.8495282399206231 0.8527632797165472 0.8486454817980065 0.8506509761538388
0.8692944151394233 0.8691716910410235 0.8709797288976963 0.8676771433884054 0.8688734622153685 0.8633549386933591 0.834186945194326 0.8197527868877734 0.8140721594051941 0.8110215534334687 0.8061808487790636 0.797360634087038 0.7929228203927303 0.8075556552973964 0.8171108795528192 0.8210316207862919 0.8366900716191221 0.8455201988223633 0.857449370982954 0.8696081903427136 0.8777901973548898 0.8751178082693389 0.8695458454927288 0.8506435472907802 0.8539680786859634 0.8315289276806421 0.8220620081709239 0.8194744812221353 0.825923480913568 0.8357522648174103 0.7711358504973626 0.8336704978442643 0.8578973497649165 0.8510061388927402 0.8640601323076172 0.8743916026870114 0.866846050772693 0.8567217132198028 0.8566251465477597 0.8612126119608747 0.8596773213521584 0.8638486955533055 0.8562403278747814 0.8501702585572866
0.8615741482189236 0.8619467817695897 0.8573803266970478 0.8580444572666469 0.8637998313540641 0.8707657170600203 0.8364252804092079 0.8202732086962063 0.8120355253520051 0.8186809269431261 0.8120664955001273 0.8122564096361529 0.8138475649256156 0.820872347838905 0.8322826929994098 0.8416890081093741 0.8538420690992146 0.8657463517395305 0.8808024189516709 0.8871705857245249 0.8899412900498582 0.8811540416485807 0.8652423196924767 0.8607549652061078 0.8589503846251388 0.8543445839314495 0.7945274422428082 0.8353987192313911 0.8368269081604053 0.8265506434051515 0.8487343652789973 0.8466927618740782 0.8561630807184228 0.8564611380442172 0.8574441715538816 0.8673680074359054 0.8665178788508842 0.8641098369624499 0.8605776662064066 0.8730085864864613 0.8687269639154148 0.8695961461230148 0.8659987330004267 0.8616793289028765
0.8532251870119941 0.852661976834193 0.8521320780366722 0.85855168875074 0.8731080748122465 0.8718959213676699 0.8238690357559403 0.820335268366124 0.8134083972961348 0.8178962707759188 0.8178334991972223 0.8216041753802944 0.8189940281402311 0.83447187282413 0.8467624965116773 0.8555775511646478 0.8683042560317057 0.8803411511801819 0.8842108036693452 0.8816033942296015 0.877716870484207 0.8759081319603825 0.8689119322835686 0.8669307124547458 0.8407470067182559 0.8439940702237213 0.8481901875739555 0.8522044856625643 0.853925169845038 0.851014259117209 0.8451573071000235 0.8547509627945907 0.8517256855479918 0.8578253772812058 0.8511688257153182 0.8629530727714622 0.8649064102685472 0.8698891588330606 0.8624436826185932 0.8761538652697485 0.8761679390095253 0.8731555712639905 0.8603205565004872 0.8576369911127358
0.838792238774788 0.8439486579657166 0.8527813982972777 0.8616864418773595 0.8674106304973613 0.8675869361970402 0.8008180203762416 0.8123588682961959 0.808864042677331 0.8214619966513537 0.8267694972220717 0.827240096767002 0.8300919349378895 0.8472170137580354 0.8595999054779907 0.8702030439566297 0.8778533281155491 0.872969029209531 0.8736667002068568 0.8699387692600301 0.8637830872986008 0.8607499062430031 0.8572531634801517 0.850890504790169 0.8556448441884036 0.8554406688395011 0.863757697198985 0.8609184124275361 0.8635804740325281 0.8609717196169246 0.8511128117919847 0.8588224277442649 0.8593254023652479 0.853134144960944 0.8500809060019916 0.8588850126319055 0.8660015876383654 0.8718848148615219 0.8706584206733687 0.8794943222284664 0.8792095112561266 0.878880326252164 0.8552130120337531 0.8517299002986211
0.8313116801891303 0.8408920238297557 0.8438485199387796 0.8572123227597956 0.8654313356068705 0.8682428256945935 0.8068807250972267 0.8094907182006306 0.8020861378580356 0.8187212936905747 0.8313230032792296 0.8368232315700901 0.8397730860804128 0.8582075062514813 0.8659615809138465 0.8733791649390247 0.8706237617397894 0.8667304188109994 0.8527332733446913 0.8505488064993181 0.8239929201064375 0.8316469062860178 0.8017181390081902 0.8463272073966004 0.8581552858779093 0.8673498128544055 0.8758707058382406 0.8665807714769287 0.875219641625235 0.8729001813999508 0.8639321975476227 0.8698532085637893 0.8620441536800835 0.8530418218464159 0.8473153692012749 0.85658006528874 0.865934988837266 0.8737590344743961 0.8784090407143568 0.8800578059873055 0.8872728494029106 0.8769597274720222 0.863068510071723 0.8525641518342049
0.8295638683499588 0.8340261238781551 0.8506463035968733 0.858127230262189 0.8658957832062092 0.8695141862698395 0.7984607612287861 0.7991909480399756 0.7983353157273053 0.8193013445128569 0.8303139454114106 0.8401443978225163 0.8458552171276449 0.8627228422037951 0.8663249044738673 0.8631021760531767 0.8620204442670181 0.8525584593789218 0.8359015087306096 0.8329441115678995 0.736090968319616 0.7857473180537549 0.7995849095463778 0.8285218956576745 0.8596980475677357 0.8709701942371519 0.8758806436587584 0.8799627160815608 0.8830544464020617 0.8884650070340863 0.880672514330315 0.8787304150665356 0.8614106923703774 0.8555839959404329 0.8445273004827141 0.8515512029316025 0.8531725377109163 0.8627120354401553 0.8669220738637531 0.8709592993795405 0.8829135776105788 0.8746327550488981 0.8488515607052478 0.8472125731020659
0.8391090136202082 0.8364816481994986 0.8514384625872538 0.8631074478701994 0.8662564454464169 0.8695952167029202 0.8046827380514191 0.8050872982062046 0.8069812749221146 0.8337049958869698 0.8417341856005672 0.8464964535219849 0.8500745229612107 0.8582325297624135 0.8598229120181492 0.8609094506070514 0.8614290498690488 0.8553989515798466 0.7924819532790771 0.7652280229770764 0.7779555267272187 0.800241183064021 0.8203398108187905 0.8374405791388462 0.870498922702224 0.8785147775526774 0.892515560672289 0.8968877295129918 0.8992372992500474 0.8979418595632733 0.8946272010504829 0.8877458351550298 0.8752572002870639 0.8604053207580953 0.8473169176575109 0.8507182392005592 0.8554202214640185 0.864670758580406 0.866319441762902 0.8723486573514578 0.8703477282242242 0.8824540181174323 0.8606101831869177 0.8594828063918062
0.8460950360914924 0.8481641132869157 0.8561495411844483 0.8621342890600355 0.8670601203853191 0.8692872123600054 0.7872763124614223 0.7939235116522804 0.8169001999205703 0.8393307123793966 0.8471115420482402 0.8478507414088732 0.8461476472168256 0.8484045098578737 0.8473550618428285 0.8514220678502525 0.8497768792331238 0.7866664470080513 0.8060309730546069 0.7841243898886847 0.7951534251287489 0.8098023838408038 0.8316544541442327 0.8499704485476185 0.8712907114992199 0.8888134602556598 0.9015405902550462 0.9055761378406424 0.9083709383518425 0.9064301727513498 0.9033730364142881 0.8962031316279325 0.8853942254818885 0.8627092027863497 0.8524675797425308 0.8489140837388867 0.8509433461052629 0.8501845077881143 0.8559899381698723 0.8573793150853173 0.8611638981479337 0.8731209221715996 0.8564214676453771 0.8512967304307455
0.8482355999135469 0.8458299638339651 0.8595665866083344 0.8665990749939713 0.8677733030080752 0.8682406143048637 0.7978492705330407 0.8208900439143609 0.8297395031946563 0.8416778013476814 0.8501243195896767 0.8380152002372531 0.8347161721028302 0.8410484671907649 0.8373252178594588 0.8344436816728934 0.7891081414456773 0.7944642357857786 0.8053059809400525 0.8076318197832979 0.8241596711803392 0.8299595337071115 0.846354766977893 0.8606311243898103 0.882607173447033 0.8973484934695984 0.9090151635559376 0.9108492375041722 0.912230898709652 0.908978733912895 0.9102916474205738 0.9021055184310496 0.8953932381374159 0.8807161072128323 0.8597306682912778 0.850473929499364 0.8488711557061054 0.845050323440549 0.8501556980775552 0.857097436523778 0.8574548122760665 0.8727997778338203 0.8689109899683359 0.8572029570690267
0.849482588278325 0.853249126034835 0.8619570812936478 0.8663976810427827 0.868650901224904 0.8617083443231331 0.8358176337509885 0.8401437312847404 0.840302363950049 0.8473476632162399 0.8484784231704562 0.8389808795956237 0.8361952643237176 0.8404795290925222 0.8564471964876711 0.7642854353141199 0.6417222875356234 0.761107394924717 0.8035667972215287 0.8150661929521992 0.8397034798564612 0.8494586818055044 0.8610020943164828 0.8740762912465303 0.8902207615290649 0.9034180113751924 0.9122728938427765 0.9136287344266046 0.9140691985741971 0.9038663589833518 0.911676300731701 0.9095227968635247 0.9023676759553464 0.8852905899441633 0.8651570555753986 0.853101708375112 0.8447149911854924 0.8388988320623545 0.8455894176869027 0.8544527526201051 0.8596586707899229 0.8702494034409705 0.8663190444452898 0.8614935275337045
0.8503925588473124 0.8531346021774968 0.8583427006249799 0.8657747170797463 0.8690592156679161 0.8516091196095724 0.8441795117668477 0.8470699846010421 0.848738448667366 0.8509496525114648 0.8507169043708476 0.8370351168556659 0.8421465153081691 0.8227694447869058 0.8322223585819069 0.7749154979728239 0.7532718917028991 0.7739351202362861 0.8150830852247567 0.8316612450729169 0.8527560262217171 0.8640790780922231 0.871018986258477 0.8782941785224616 0.8946079080181611 0.9016554298038875 0.9125856871323603 0.9146838063504843 0.9121336566303512 0.9049809643428169 0.905904817752321 0.9053392933330676 0.901116052897249 0.8881693549769553 0.8675689310504534 0.852805041648838 0.843674147330044 0.8411621043526692 0.8375209973545934 0.8461563974257604 0.8611478539898705 0.8710280013413484 0.87204193503281 0.8625413684036954
0.8579082784673202 0.858658225681139 0.8560980586523382 0.8628045875168695 0.8719403714573863 0.8452233961465089 0.8433214040117278 0.8527969364186608 0.8548165257754711 0.856397102753521 0.8550990506926405 0.8287079225090804 0.8254688560096602 0.8255352251300699 0.8221314786119394 0.8009981574082505 0.7909349743275311 0.8077297926411894 0.8304665050706813 0.8422641174525428 0.8578608753998349 0.8601560437549963 0.8759442987072099 0.8793023047818123 0.8919247460013711 0.8901516208330943 0.9005068637837694 0.9009256271814879 0.8944845802476885 0.8899282603246099 0.8885403860663441 0.8859192365920047 0.8891969304011335 0.8759475396186663 0.8708430992144138 0.8424415867886745 0.8331844559575249 0.8280216179810332 0.8247515476416064 0.8397615224577027 0.851138442927744 0.8600863371568872 0.8535557075717412 0.8616822843027
0.8666171272125246 0.8536010129937571 0.8452519525803577 0.829386770740739 0.8665959465329285 0.8536913288040903 0.8544288402715448 0.8636972868294686 0.8637509735532244 0.8508853970538481 0.8588439928399351 0.8454736882825925 0.8406420377919611 0.8403716064700851 0.8364819219844408 0.829829308071007 0.8336226924107485 0.8441554780960446 0.8551853335841457 0.8540172743230469 0.8662971863367648 0.8650699350421494 0.8671925623486331 0.8639407137198525 0.8769001691716563 0.8771286114376519 0.8774585431432207 0.8803604632426518 0.8692041863769037 0.8631054481819773 0.865769966394969 0.8621212701486358 0.8695289055554813 0.8558944796752485 0.8536151002816518 0.8430528633793805 0.8212677922831265 0.8198675110252274 0.823007064696248 0.8381871306348622 0.8588266429505388 0.8541104077790821 0.848186537513668 0.8722178790563995
0.8600076915415561 0.8594725079235535 0.8509077267041013 0.8455061203741461 0.8585054554481187 0.8516427134156943 0.85351308849967 0.8595198792789077 0.8595786640185393 0.8553300557275226 0.8546302127435236 0.8526225058151343 0.8464537078752735 0.8501907587355578 0.8474578751573892 0.8460820205844837 0.8532594797051973 0.8568939489237835 0.858425339027285 0.8514839010697228 0.8579943914271124 0.8545592929853749 0.8555912663944116 0.8535589772377477 0.8649914928299803 0.8632764611632484 0.8573117324625577 0.8554032205865478 0.8466959585339909 0.8326810933136979 0.8367011806871952 0.8338670718357486 0.8228943155432358 0.8197134577667133 0.8155915699542919 0.8260321596667565 0.8068397695946782 0.8081837658272757 0.8042556648818295 0.8458931706635813 0.8868480365040046 0.8335684040074725 0.8293268695420786 0.8187039627283971
0.8618109535838928 0.8642576152521859 0.8611176054456726 0.861565508358863 0.8632934064343071 0.8530547836295563 0.8588239315654465 0.8567955515250101 0.8575959991148414 0.8550489709011935 0.8568099953866495 0.859552151571108 0.853556373717104 0.8558690056653483 0.8553322547000359 0.8548453075607082 0.8569955072239314 0.8579307405270924 0.8557560900270008 0.8492471275596732 0.8442229127817348 0.8426802324084455 0.8373201618729391 0.8355498863617457 0.8436414971158593 0.8392474282215525 0.8295659486305923 0.8368803363402774 0.8234803454301887 0.8222552675038508 0.828411497776466 0.8414388878356283 0.7765399312638209 0.7268630030981671 0.7920291826904031 0.8049841515173832 0.7575693398785321 0.751357479640169 0.7127025523218733 0.8591762096895618 0.8643009374811816 0.8509610868312173 0.8297252675308062 0.8273441617902988
0.8457077896473543 0.8452020490131574 0.8514282741960766 0.850410898961871 0.8594619849695135 0.8545489560994755 0.8604796644900167 0.862486726839609 0.8550327680137428 0.8569815851637704 0.8631518063157918 0.8615654787177819 0.854653023761998 0.8578157899541933 0.8592850449069537 0.8556930874385082 0.8582042765897769 0.851287944399152 0.8576889865069434 0.8534992465300202 0.8485671249247378 0.8433009345755721 0.8363841667363273 0.8295982399783665 0.8383391356626069 0.8270689085342876 0.8086453079516815 0.835573028063445 0.8201684248102135 0.8264056320407813 0.7784215766236612 0.8089534544528605 0.7917945474568904 0.7891457322058351 0.8126046716374692 0.8155459938052094 0.8041577023967268 0.802251201905999 0.7960864810895768 0.8425180952857791 0.8608531613896716 0.8578422538408154 0.8497083101807993 0.8568454890749118
0.8527484647246772 0.8538678020518784 0.8560033325931982 0.8548537658287096 0.8635843557821243 0.8586477548501049 0.8695241667947291 0.8610702656943756 0.8561697015886356 0.8554308203646696 0.859765183956093 0.8604481510665576 0.8618541479241483 0.8628346675051565 0.8625534585602681 0.8645731439347194 0.8615520192003564 0.8523344730053877 0.854039635886319 0.8448360360081733 0.8459576061573936 0.8361460145316575 0.8346678766101526 0.8284827055009348 0.8330544865473783 0.8095308239538204 0.7900740361541247 0.8304104216964153 0.7663287640580037 0.7964897625462278 0.7821518877369762 0.8019206939243417 0.7990588353207735 0.7935136479888775 0.806237750806847 0.8183918200778719 0.822746423386735 0.8337356759703252 0.8335562060191558 0.8576997907613423 0.8732489043229787 0.8774706743771142 0.8686130930366356 0.8778652345059631
0.841575585450935 0.84511859345471 0.8509857406266299 0.8525567739550726 0.8644172844877415 0.8696744302553825 0.8604767212409562 0.8666354517149129 0.8564423314936451 0.8592553228433645 0.8567127167625639 0.8583819363766698 0.8594235330246485 0.8649350462752387 0.8709323583921671 0.8677065982597569 0.8677606824594312 0.8594228004598736 0.8653346443173606 0.8514846352616021 0.8557363772430291 0.8490856213087805 0.8405136641223628 0.8379304188891169 0.8579393697406954 0.8070035496678886 0.7062384435563005 0.7845533729780543 0.7952750375924319 0.8003697076694826 0.7886624700103674 0.8052257460688463 0.8134182945629455 0.8144795533919837 0.8232070223884423 0.8335745096645371 0.8494787237982006 0.862562559605293 0.8763865287726554 0.8906913073570669 0.8970123024821836 0.8975644960203194 0.896971899717766 0.9059255238700852
