resources/myinput/sky_10.asc
NCOLS 387
NROWS 617
XLLCORNER 701280.0
YLLCORNER 5110160.0
CELLSIZE 10.0
NODATA_VALUE -9999
[rows 210 to 230 of 617, columns 0 to 47 of 387]
-9999.0 -9999.0 0.870178759098053 0.7243450880050659 0.701482892036438 0.7544200420379639 0.7710113525390625 0.8119878172874451 0.8224560618400574 0.8401057124137878 0.8490456938743591 0.8825290203094482 0.8972777128219604 0.9049310684204102 0.885610044002533 0.8540723919868469 0.8321906328201294 0.8293679356575012 0.8203470706939697 0.8292492032051086 0.8450191020965576 0.8833394050598145 0.8859628438949585 0.890601396560669 0.7715030908584595 0.605491578578949 0.6494620442390442 0.7423890829086304 0.7725264430046082 0.7700572609901428 0.7840675711631775 0.8036515116691589 0.821645975112915 0.8335459232330322 0.7728275656700134 0.6895710229873657 0.7358278036117554 0.7815828323364258 0.7957774996757507 0.7937269806861877 0.787176787853241 0.7956788539886475 0.8121192455291748 0.8054249882698059 0.8169298768043518 0.8296508193016052 0.8368672132492065 0.8436077237129211
-9999.0 -9999.0 0.8974263072013855 0.7825137376785278 0.7499694228172302 0.7508869767189026 0.7918475866317749 0.8071011900901794 0.8227283358573914 0.8403139710426331 0.8496838212013245 0.8654540181159973 0.8719111084938049 0.8926748037338257 0.9078670740127563 0.9072221517562866 0.8896356225013733 0.8851183652877808 0.8639132976531982 0.873369038105011 0.8957765102386475 0.9036813974380493 0.9078851342201233 0.9131428599357605 0.8027600646018982 0.6792927384376526 0.6408587694168091 0.7336263656616211 0.758662760257721 0.7721759080886841 0.7981182932853699 0.8171169757843018 0.827651858329773 0.8306694626808167 0.7621559500694275 0.7166022062301636 0.7651291489601135 0.7952568531036377 0.8088268041610718 0.8104198575019836 0.8062160015106201 0.8027935028076172 0.8005844354629517 0.8117110729217529 0.8226858973503113 0.8273258805274963 0.8355818390846252 0.8361631035804749
-9999.0 -9999.0 0.9085334539413452 0.8105607032775879 0.7709143161773682 0.7413914799690247 0.7826648354530334 0.7981208562850952 0.8264515995979309 0.8418569564819336 0.8489433526992798 0.8581504821777344 0.855534017086029 0.8517915606498718 0.8629264235496521 0.8877592086791992 0.8965820074081421 0.8976887464523315 0.8807096481323242 0.8581943511962891 0.8726193308830261 0.8810328841209412 0.8832515478134155 0.8912738561630249 0.8337433934211731 0.7240779399871826 0.6383130550384521 0.7140544652938843 0.7515987157821655 0.7676861882209778 0.7861725091934204 0.7997744083404541 0.8180641531944275 0.8220550417900085 0.77618008852005 0.7244656085968018 0.7705069184303284 0.7963845729827881 0.8083879947662354 0.8127110600471497 0.8184986114501953 0.814586341381073 0.780878484249115 0.8128940463066101 0.8222036957740784 0.8275673985481262 0.8356109261512756 0.8349229693412781
-9999.0 -9999.0 0.895031213760376 0.805126965045929 0.7848480343818665 0.7579450011253357 0.7416204810142517 0.8050008416175842 0.8260537385940552 0.8425987958908081 0.8468880653381348 0.8423308730125427 0.8458253145217896 0.8296948075294495 0.8254460096359253 0.832430362701416 0.8407837748527527 0.8383520245552063 0.8502495884895325 0.820716381072998 0.8474621772766113 0.8661660552024841 0.8645399212837219 0.8870075941085815 0.8680841326713562 0.7339144945144653 0.6582191586494446 0.706185519695282 0.666208028793335 0.7302311658859253 0.7655256986618042 0.7855520248413086 0.7994347810745239 0.8183185458183289 0.8128601908683777 0.7156288623809814 0.746273398399353 0.7754849195480347 0.7947227358818054 0.8052685260772705 0.8072975277900696 0.8187220692634583 0.7917370200157166 0.8109001517295837 0.8201016783714294 0.8257315158843994 0.8326297402381897 0.8394103646278381
-9999.0 -9999.0 0.903266429901123 0.863002598285675 0.8273473381996155 0.7768047451972961 0.7696012854576111 0.8085619807243347 0.8351359963417053 0.8474056124687195 0.8468606472015381 0.8403552174568176 0.8446012735366821 0.8257433176040649 0.820497453212738 0.8129479289054871 0.82807457447052 0.821774423122406 0.8423627614974976 0.8435176014900208 0.8507253527641296 0.8659539222717285 0.8729559183120728 0.8833610415458679 0.8963085412979126 0.8514225482940674 0.7551741003990173 0.7338300943374634 0.6866400241851807 0.7316105961799622 0.7685679197311401 0.790890097618103 0.8038216829299927 0.8098502159118652 0.8122296333312988 0.7983683943748474 0.7806770205497742 0.7462201714515686 0.7899938225746155 0.7897900342941284 0.79677414894104 0.7860889434814453 0.7961002588272095 0.8136375546455383 0.8228991031646729 0.8277674317359924 0.8379956483840942 0.8424102067947388
-9999.0 0.959284782409668 0.9044233560562134 0.8679832816123962 0.838322103023529 0.7690385580062866 0.7292085289955139 0.783136248588562 0.8226563334465027 0.8327232599258423 0.8231127858161926 0.7749422192573547 0.8195153474807739 0.8397549986839294 0.8242140412330627 0.7972328662872314 0.8161781430244446 0.815710186958313 0.8313280344009399 0.8473039269447327 0.8567206263542175 0.8664761185646057 0.8732901811599731 0.8832223415374756 0.8883053064346313 0.9018855094909668 0.8358349800109863 0.7132021188735962 0.7009299397468567 0.7292020916938782 0.7700386047363281 0.7891928553581238 0.7903191447257996 0.7947003245353699 0.7974675893783569 0.804262101650238 0.7737070322036743 0.727560818195343 0.7812714576721191 0.7902294397354126 0.7948449850082397 0.7993254661560059 0.8046026229858398 0.8127694129943848 0.8193742036819458 0.8293946385383606 0.8385875225067139 0.8422013521194458
-9999.0 0.9352146983146667 0.8784366846084595 0.8640854358673096 0.8555402159690857 0.7613542079925537 0.7053502798080444 0.7688350081443787 0.8151530623435974 0.8205312490463257 0.8001736998558044 0.7465065717697144 0.8014485239982605 0.8267279863357544 0.8263168334960938 0.8153572678565979 0.8165232539176941 0.8225878477096558 0.8313379287719727 0.8360834717750549 0.8535857796669006 0.8676419258117676 0.8781448602676392 0.8837004899978638 0.8933300971984863 0.8995124101638794 0.880879282951355 0.7229747772216797 0.6766869425773621 0.69193434715271 0.7507326602935791 0.740999162197113 0.7492256164550781 0.7582299113273621 0.7523298859596252 0.7735207676887512 0.7644287943840027 0.7308424115180969 0.7778242826461792 0.7874545454978943 0.7985007166862488 0.8040346503257751 0.8086002469062805 0.8119425177574158 0.8165412545204163 0.8227764368057251 0.8343795537948608 0.839649498462677
-9999.0 0.926205039024353 0.8613995313644409 0.8608716130256653 0.8778598308563232 0.7630692720413208 0.6527765989303589 0.7279518842697144 0.7930417656898499 0.8058671951293945 0.7887473702430725 0.762740433216095 0.7851825952529907 0.8161605000495911 0.8277910947799683 0.828256368637085 0.8308624625205994 0.8308508992195129 0.8323121666908264 0.8455225229263306 0.8538440465927124 0.8661388158798218 0.8750513792037964 0.8849231004714966 0.8923406004905701 0.8977487683296204 0.9028794765472412 0.7633618116378784 0.6720174551010132 0.7028639316558838 0.7508485317230225 0.7112221717834473 0.7251524925231934 0.7471901178359985 0.7466878294944763 0.7451766729354858 0.738980770111084 0.7597193717956543 0.7841615080833435 0.7920387983322144 0.7935166954994202 0.798548698425293 0.8013168573379517 0.8072041869163513 0.8126782774925232 0.8218536972999573 0.8268099427223206 0.8291385769844055
-9999.0 0.9321471452713013 0.8835146427154541 0.8686462640762329 0.8895022869110107 0.7850877046585083 0.709731936454773 0.7249242663383484 0.7796979546546936 0.801857054233551 0.7991585731506348 0.7739759087562561 0.7916281223297119 0.8122809529304504 0.8276988863945007 0.8378759026527405 0.8280386924743652 0.8351292610168457 0.8375710248947144 0.8431979417800903 0.8500673770904541 0.8621192574501038 0.8736645579338074 0.8823743462562561 0.8908369541168213 0.8999413251876831 0.901817262172699 0.7792423963546753 0.7300704717636108 0.7568172812461853 0.7237086892127991 0.7129508256912231 0.7229458093643188 0.723797082901001 0.76126629114151 0.7669243216514587 0.7617135047912598 0.7715141177177429 0.7772917151451111 0.7864348292350769 0.7894871830940247 0.7974145412445068 0.8039841055870056 0.8083946108818054 0.8080430626869202 0.8158590793609619 0.8203839659690857 0.8262969851493835
0.9608578681945801 0.8883383274078369 0.866622269153595 0.8294333219528198 0.8613278865814209 0.8018591403961182 0.7138262391090393 0.6815158724784851 0.7380263805389404 0.7750740647315979 0.7835520505905151 0.7776127457618713 0.7913026809692383 0.8132991790771484 0.827312707901001 0.8338720202445984 0.8355467915534973 0.8376598358154297 0.8421026468276978 0.8444427847862244 0.8508971929550171 0.8580871224403381 0.866411566734314 0.8722903728485107 0.8829445838928223 0.8967980742454529 0.9014630317687988 0.874764621257782 0.8112185001373291 0.7422922849655151 0.6932307481765747 0.7002843618392944 0.7424561977386475 0.6655922532081604 0.7348672151565552 0.7450202703475952 0.7520827651023865 0.7635703086853027 0.7669093012809753 0.7700788974761963 0.7811212539672852 0.7884371876716614 0.7944087982177734 0.7980610132217407 0.8036898374557495 0.8093645572662354 0.8092488646507263 0.8176288604736328
0.9468329548835754 0.885906994342804 0.8762520551681519 0.8506724238395691 0.8571240901947021 0.7855645418167114 0.7244375944137573 0.6987630724906921 0.7341232299804688 0.765590250492096 0.7896766662597656 0.7982199788093567 0.8054502010345459 0.8179492950439453 0.8282744884490967 0.831164538860321 0.8382132053375244 0.8321184515953064 0.8266955614089966 0.8395947217941284 0.8428952693939209 0.8509026169776917 0.8597500920295715 0.85588538646698 0.866793692111969 0.8770391345024109 0.8957584500312805 0.9054234623908997 0.8632153868675232 0.7364896535873413 0.6461989879608154 0.7211424112319946 0.7345708608627319 0.647041916847229 0.7183862328529358 0.7483309507369995 0.7589514255523682 0.7672898173332214 0.7621256113052368 0.7737420797348022 0.7774674892425537 0.787688136100769 0.7919723987579346 0.7962021827697754 0.8002616763114929 0.8052281737327576 0.8097739815711975 0.8149372935295105
-9999.0 0.8952376246452332 0.8850079774856567 0.8523080945014954 0.8705321550369263 0.8518608212471008 0.7727323174476624 0.6755876541137695 0.721606969833374 0.7503763437271118 0.7712638974189758 0.7863113880157471 0.806907594203949 0.8238778710365295 0.8283430337905884 0.8429360389709473 0.8469058871269226 0.8487145900726318 0.8325636386871338 0.833346426486969 0.843489408493042 0.8289695382118225 0.8503037095069885 0.8389944434165955 0.8394297361373901 0.8496506214141846 0.8580529093742371 0.8915739059448242 0.9054470062255859 0.717544436454773 0.7084112763404846 0.7219082713127136 0.7196698784828186 0.6839378476142883 0.6499652862548828 0.7328651547431946 0.7510051131248474 0.756949782371521 0.7548897862434387 0.7717512845993042 0.7789027690887451 0.7812656760215759 0.7829067707061768 0.7911438941955566 0.7929598093032837 0.8010653853416443 0.8012697696685791 0.8106516599655151
-9999.0 -9999.0 0.8966768383979797 0.8936421275138855 0.8951204419136047 0.8731775283813477 0.7962122559547424 0.7352527976036072 0.7129700779914856 0.7405663132667542 0.7791171073913574 0.7945466041564941 0.813745379447937 0.824020266532898 0.8304621577262878 0.846310019493103 0.8540643453598022 0.8617018461227417 0.863939642906189 0.8473143577575684 0.8240751624107361 0.8267186284065247 0.8456369638442993 0.8474882245063782 0.8421613574028015 0.835192859172821 0.8378245830535889 0.8582219481468201 0.9055036902427673 0.8515485525131226 0.7543312311172485 0.7383691072463989 0.7463821768760681 0.710803210735321 0.6652212142944336 0.7120677828788757 0.7364924550056458 0.7548297047615051 0.7613174915313721 0.7737691402435303 0.7751256227493286 0.7837632298469543 0.7858017086982727 0.7874554991722107 0.7918922901153564 0.7958305478096008 0.7997990846633911 0.8047673106193542
-9999.0 -9999.0 -9999.0 -9999.0 0.9194905161857605 0.879355251789093 0.8187204599380493 0.7987498641014099 0.7742878198623657 0.7317801713943481 0.78104567527771 0.7981449365615845 0.8068471550941467 0.8164715766906738 0.8285207152366638 0.8458282351493835 0.8529377579689026 0.8596497178077698 0.8620016574859619 0.8462156057357788 0.8157733678817749 0.8236850500106812 0.8439288139343262 0.8506729602813721 0.8461195826530457 0.8465882539749146 0.8409196734428406 0.8382596373558044 0.8719702959060669 0.9055252075195312 0.8105639815330505 0.7567520141601562 0.728073239326477 0.7075939774513245 0.7150286436080933 0.7221249341964722 0.7212414145469666 0.7302796244621277 0.7423392534255981 0.7604141235351562 0.7702699899673462 0.7759454846382141 0.7804432511329651 0.7851954698562622 0.7850041389465332 0.7923421859741211 0.7954761981964111 0.8009478449821472
-9999.0 -9999.0 -9999.0 -9999.0 0.938963770866394 0.9031698107719421 0.8511079549789429 0.8263359665870667 0.7813653349876404 0.6829325556755066 0.75918048620224 0.7806459069252014 0.7850961685180664 0.8052515387535095 0.8249170780181885 0.8412603735923767 0.8472425937652588 0.858479917049408 0.860016405582428 0.8407386541366577 0.8114731311798096 0.8350180387496948 0.8391874432563782 0.8487330675125122 0.8499071002006531 0.8479838371276855 0.8403925895690918 0.8417378067970276 0.854841947555542 0.8965274691581726 0.8737346529960632 0.7623401284217834 0.6228156089782715 0.6967262625694275 0.7145344018936157 0.7251682281494141 0.7388639450073242 0.7561936378479004 0.7413800358772278 0.7677538990974426 0.7685632705688477 0.7758153080940247 0.7834780216217041 0.7846348285675049 0.7890856266021729 0.791060745716095 0.7846629023551941 0.786031186580658
-9999.0 -9999.0 -9999.0 -9999.0 -9999.0 -9999.0 0.9127598404884338 0.8666065335273743 0.8069656491279602 0.7386319637298584 0.7177822589874268 0.7661349177360535 0.7884390950202942 0.8096596598625183 0.8268141150474548 0.8387455940246582 0.8493072390556335 0.8574400544166565 0.852205753326416 0.8499221801757812 0.8463745713233948 0.8421542644500732 0.8429816365242004 0.8494988083839417 0.850910484790802 0.850438117980957 0.8535731434822083 0.8453577160835266 0.8493059277534485 0.876052975654602 0.8984817266464233 0.8135762810707092 0.7418733835220337 0.7072440385818481 0.7491069436073303 0.7665414810180664 0.7579037547111511 0.7422688603401184 0.7605129480361938 0.7710179090499878 0.7775977253913879 0.7791138291358948 0.784037709236145 0.7851036787033081 0.7892042398452759 0.7895532250404358 0.7908720374107361 0.7946862578392029
-9999.0 -9999.0 -9999.0 -9999.0 -9999.0 -9999.0 -9999.0 0.9197494983673096 0.8743604421615601 0.7997372150421143 0.7300688624382019 0.6970959305763245 0.7701267600059509 0.7970022559165955 0.8141049742698669 0.8316898941993713 0.834470808506012 0.8430338501930237 0.8411363959312439 0.8296223282814026 0.8301085829734802 0.820129930973053 0.8350241780281067 0.8442426919937134 0.8496670126914978 0.8517587184906006 0.8511017560958862 0.8558205962181091 0.8598545789718628 0.8706711530685425 0.8899761438369751 0.8790985941886902 0.7938583493232727 0.7384533882141113 0.7403678894042969 0.7075362205505371 0.7154840230941772 0.697279155254364 0.7433168292045593 0.754004955291748 0.7651523351669312 0.7707674503326416 0.7748550176620483 0.781040370464325 0.7836209535598755 0.7846755385398865 0.788127064704895 0.7879166603088379
-9999.0 -9999.0 -9999.0 -9999.0 -9999.0 -9999.0 -9999.0 -9999.0 0.9431989192962646 0.8890252113342285 0.7789243459701538 0.7010101675987244 0.7750301957130432 0.797533392906189 0.8155397772789001 0.8288463950157166 0.8392108678817749 0.8403368592262268 0.8461281061172485 0.833606481552124 0.8283969163894653 0.820449948310852 0.8358635306358337 0.84275221824646 0.848944902420044 0.8492584824562073 0.8524532914161682 0.8561885952949524 0.8657010793685913 0.865201473236084 0.8764201402664185 0.8885006904602051 0.8516159653663635 0.7934867143630981 0.7511788606643677 0.6954612135887146 0.7238081097602844 0.7173916101455688 0.7447550296783447 0.7535685896873474 0.7571057677268982 0.7699025273323059 0.7735838890075684 0.7796362638473511 0.7800905108451843 0.7822012305259705 0.7844129800796509 0.7835649251937866
-9999.0 -9999.0 -9999.0 -9999.0 -9999.0 -9999.0 -9999.0 -9999.0 -9999.0 0.909633219242096 0.8180937170982361 0.7427049875259399 0.798124372959137 0.8016060590744019 0.8105604648590088 0.8255264163017273 0.8241884112358093 0.8361350893974304 0.8342357277870178 0.833286464214325 0.8168083429336548 0.8206379413604736 0.8360058665275574 0.8378646969795227 0.8416533470153809 0.8380079865455627 0.8485659956932068 0.8538292050361633 0.8619093894958496 0.8687571287155151 0.8737528920173645 0.8748401403427124 0.8760105967521667 0.8562440276145935 0.7730036377906799 0.727808952331543 0.718617856502533 0.715160608291626 0.7443784475326538 0.7292797565460205 0.745893657207489 0.7647048234939575 0.7701174020767212 0.7735925912857056 0.7755059599876404 0.7763815522193909 0.7775877714157104 0.7765947580337524
-9999.0 -9999.0 -9999.0 -9999.0 -9999.0 -9999.0 -9999.0 -9999.0 -9999.0 0.9316372871398926 0.7958465814590454 0.7759299278259277 0.7911469340324402 0.8075661063194275 0.8157828450202942 0.82683265209198 0.8276153802871704 0.8273761868476868 0.8350521326065063 0.82890385389328 0.8256486058235168 0.8186850547790527 0.8284985423088074 0.8359817266464233 0.8425112962722778 0.8359043002128601 0.8434798121452332 0.8488077521324158 0.8562130928039551 0.862520158290863 0.8624879717826843 0.8648992776870728 0.8601199388504028 0.8753151297569275 0.8755053877830505 0.7883694767951965 0.7301614284515381 0.7413465976715088 0.7715507745742798 0.7456958293914795 0.7469578981399536 0.7383867502212524 0.7307417392730713 0.7165359258651733 0.7156327366828918 0.7128502130508423 0.715322732925415 0.7189810276031494
-9999.0 -9999.0 -9999.0 -9999.0 -9999.0 -9999.0 -9999.0 -9999.0 -9999.0 -9999.0 0.8715054392814636 0.794468104839325 0.8001859784126282 0.8095155358314514 0.8085984587669373 0.8304847478866577 0.8355093002319336 0.8366057872772217 0.8303871750831604 0.8326725959777832 0.8265173435211182 0.8303335905075073 0.830722987651825 0.8312433362007141 0.8381226062774658 0.8305346369743347 0.8440933227539062 0.8465284109115601 0.8493328094482422 0.8517255783081055 0.8558544516563416 0.8634348511695862 0.8718734979629517 0.8775961399078369 0.8830996751785278 0.7962216138839722 0.7330729961395264 0.7373772263526917 0.7281918525695801 0.7129335999488831 0.711736261844635 0.7124773859977722 0.7183792591094971 0.7318222522735596 0.7397316694259644 0.7471499443054199 0.7488636374473572 0.747464656829834
