resources/myinput/sky_10.asc
NCOLS 387
NROWS 617
XLLCORNER 701280.0
YLLCORNER 5110160.0
CELLSIZE 10.0
NODATA_VALUE -9999
[rows 189 to 209 of 617, columns 144 to 191 of 387]
0.7776422500610352 0.7795838117599487 0.7758366465568542 0.7796582579612732 0.7790823578834534 0.7797769904136658 0.7819766998291016 0.7819080352783203 0.7820909023284912 0.7813246250152588 0.7785342335700989 0.7725932002067566 0.7697433829307556 0.7698661684989929 0.7717512845993042 0.7670742273330688 0.7704446911811829 0.7652583718299866 0.7707359790802002 0.7704147100448608 0.7687645554542542 0.7612898945808411 0.762570858001709 0.7454090118408203 0.756727397441864 0.7571644186973572 0.7545458674430847 0.748745858669281 0.7420221567153931 0.7429332733154297 0.7395215034484863 0.7328826785087585 0.7282207012176514 0.711586594581604 0.6507372856140137 0.7131569981575012 0.6925323605537415 0.6911079287528992 0.6676449775695801 0.6756194233894348 0.7333658337593079 0.7701376676559448 0.7645102739334106 0.7524141669273376 0.7405217289924622 0.7308794260025024 0.6963814496994019 0.7277511358261108
0.7883070707321167 0.7853403091430664 0.7835586071014404 0.7833870053291321 0.7801560759544373 0.78239905834198 0.7842806577682495 0.7835007905960083 0.7841211557388306 0.7812124490737915 0.7808229327201843 0.7732524275779724 0.7708551287651062 0.7710056900978088 0.7718040347099304 0.7707038521766663 0.768807590007782 0.7656139731407166 0.750928521156311 0.7666282653808594 0.7684741616249084 0.7648531198501587 0.7532506585121155 0.7598293423652649 0.7581825852394104 0.7585563063621521 0.7534689903259277 0.7476106286048889 0.7429489493370056 0.7419108748435974 0.740003764629364 0.7374296188354492 0.7284784317016602 0.7167949676513672 0.6994858980178833 0.7315074801445007 0.6823981404304504 0.6886884570121765 0.6718437075614929 0.6665821671485901 0.6724075078964233 0.7657831907272339 0.7717124223709106 0.7619331479072571 0.7539633512496948 0.7507960796356201 0.7315564155578613 0.7322744727134705
0.7881499528884888 0.7873649597167969 0.7861116528511047 0.7832376956939697 0.7790281176567078 0.7831111550331116 0.7843217849731445 0.7836293578147888 0.7825812101364136 0.7829226851463318 0.7828527688980103 0.7768675088882446 0.7737557291984558 0.7690351605415344 0.7684023976325989 0.7672268152236938 0.7708789110183716 0.7643504738807678 0.7515347003936768 0.7464705109596252 0.7598280310630798 0.7602575421333313 0.7562255859375 0.7590082287788391 0.7557922005653381 0.7519338726997375 0.7511999011039734 0.7494988441467285 0.7435603737831116 0.7434341907501221 0.73990398645401 0.7367497086524963 0.7289685010910034 0.7081571221351624 0.6630977392196655 0.7271506190299988 0.6794407963752747 0.6562500596046448 0.6511923670768738 0.6785763502120972 0.7117705941200256 0.7537837028503418 0.7727459073066711 0.7746415138244629 0.7562929391860962 0.756623387336731 0.7605667114257812 0.7369329929351807
0.7893055081367493 0.7902039885520935 0.790652334690094 0.7879119515419006 0.7841673493385315 0.7838789224624634 0.7867038249969482 0.7850185036659241 0.78441321849823 0.7867051959037781 0.784599781036377 0.7797349691390991 0.7754414677619934 0.7723521590232849 0.7724979519844055 0.7721128463745117 0.7707934975624084 0.7669571042060852 0.7617923021316528 0.7618251442909241 0.76728355884552 0.7649704813957214 0.7625601887702942 0.7608211636543274 0.7590398788452148 0.7558985948562622 0.7518035769462585 0.7487154006958008 0.7489249110221863 0.7476546168327332 0.7425976395606995 0.7357702851295471 0.7288028001785278 0.7218666076660156 0.6886967420578003 0.7149989604949951 0.7034722566604614 0.6324443221092224 0.5435124039649963 0.6728805303573608 0.6872508525848389 0.7150561809539795 0.759955644607544 0.7757420539855957 0.7717753648757935 0.7641255855560303 0.7626440525054932 0.7572369575500488
0.7897979021072388 0.792031466960907 0.7901485562324524 0.7880289554595947 0.7828574776649475 0.7849458456039429 0.7896247506141663 0.7879068851470947 0.7866411805152893 0.7863852381706238 0.7849982976913452 0.781006932258606 0.7779467105865479 0.7737496495246887 0.7730185389518738 0.7740017771720886 0.7718087434768677 0.7691453099250793 0.7668279409408569 0.7682531476020813 0.7673835754394531 0.7657381296157837 0.763043999671936 0.7615654468536377 0.7602036595344543 0.7569211721420288 0.7523531317710876 0.7481527924537659 0.7467131018638611 0.7439111471176147 0.7412965297698975 0.7377451658248901 0.7327826619148254 0.7265039682388306 0.7053444385528564 0.7157841920852661 0.7052199244499207 0.6676607728004456 0.5932139754295349 0.6730190515518188 0.6675198078155518 0.6454925537109375 0.7386493682861328 0.7823382616043091 0.7804663181304932 0.7700881958007812 0.7742929458618164 0.7677385807037354
0.7898014783859253 0.7900967597961426 0.7897998690605164 0.7889124751091003 0.7878407835960388 0.7828686833381653 0.7905359864234924 0.7899498343467712 0.7876250147819519 0.7885527014732361 0.7840986847877502 0.7830642461776733 0.7788450717926025 0.7740775346755981 0.7723089456558228 0.775193452835083 0.7713712453842163 0.7710564136505127 0.7708123922348022 0.7702420949935913 0.7672945261001587 0.7658843398094177 0.7639798521995544 0.7626818418502808 0.7591621279716492 0.7554659247398376 0.7534863948822021 0.7497681975364685 0.7471861243247986 0.7448514103889465 0.7424982190132141 0.739802896976471 0.7338480353355408 0.7271538972854614 0.6952896118164062 0.7174391150474548 0.7009678483009338 0.6731762290000916 0.6478478312492371 0.6498149633407593 0.5646460652351379 0.6129109859466553 0.7229088544845581 0.7662953734397888 0.7814511656761169 0.7712174654006958 0.7824175357818604 0.7587051391601562
0.7909768223762512 0.7927356958389282 0.7928376793861389 0.7895366549491882 0.7878000736236572 0.787460207939148 0.7908148169517517 0.7906187176704407 0.7897453308105469 0.7883122563362122 0.7861194014549255 0.7833037972450256 0.7799009084701538 0.777651846408844 0.7746336460113525 0.7731429934501648 0.773063063621521 0.7716113924980164 0.7710447311401367 0.7683981657028198 0.768277645111084 0.7653895020484924 0.7614403963088989 0.7617020606994629 0.759570300579071 0.7563169598579407 0.7525138258934021 0.751064121723175 0.7479205131530762 0.7444615364074707 0.7425211071968079 0.7384790182113647 0.7340957522392273 0.7297407984733582 0.7217256426811218 0.7099390029907227 0.7005577683448792 0.6904342174530029 0.659673810005188 0.6441832184791565 0.6379148960113525 0.6779202818870544 0.7309646606445312 0.757594883441925 0.7768632769584656 0.786845326423645 0.7861995697021484 0.7746794819831848
0.7906254529953003 0.790978193283081 0.7924869060516357 0.7907466888427734 0.7860202193260193 0.786575973033905 0.7908788323402405 0.7933077216148376 0.7907618880271912 0.789390504360199 0.787929356098175 0.7847126722335815 0.783389151096344 0.7806635499000549 0.7758013606071472 0.7755435705184937 0.7723211050033569 0.7713504433631897 0.7712039947509766 0.7696758508682251 0.7689687013626099 0.7656247615814209 0.7615453600883484 0.7616946697235107 0.759408175945282 0.7540228962898254 0.7510443925857544 0.747626543045044 0.7465846538543701 0.7395719885826111 0.7413737773895264 0.7420535683631897 0.7352715730667114 0.7307599186897278 0.7261175513267517 0.7184286117553711 0.7067887783050537 0.6947659254074097 0.675293505191803 0.6042352318763733 0.6439119577407837 0.6375192999839783 0.6700760722160339 0.6223817467689514 0.7410781383514404 0.7817170023918152 0.783106803894043 0.777458906173706
0.7832762598991394 0.7886182069778442 0.790498673915863 0.7870274186134338 0.7861754894256592 0.7924678325653076 0.793587863445282 0.7947014570236206 0.7921047210693359 0.7911563515663147 0.7896407246589661 0.7864847183227539 0.78607577085495 0.7823503613471985 0.7792662978172302 0.7759050726890564 0.7750837802886963 0.7730652093887329 0.771446943283081 0.769891619682312 0.7689098715782166 0.7648481130599976 0.7632831335067749 0.7623727321624756 0.7587144374847412 0.7564682364463806 0.7522321343421936 0.7506715655326843 0.7475067973136902 0.7433683276176453 0.7450520992279053 0.7440291047096252 0.7389594912528992 0.7306357622146606 0.7273970246315002 0.7245529890060425 0.7177761793136597 0.705893874168396 0.6903093457221985 0.6506213545799255 0.6301075220108032 0.6502342224121094 0.6047035455703735 0.6836264133453369 0.7522983551025391 0.7940067052841187 0.7845957279205322 0.783715009689331
0.7786299586296082 0.7871742844581604 0.7924627065658569 0.7895731329917908 0.7891250252723694 0.7930445075035095 0.7955582141876221 0.7958454489707947 0.7927088737487793 0.7928633689880371 0.7910795211791992 0.7907463908195496 0.7901857495307922 0.7835519313812256 0.7821539044380188 0.7782227993011475 0.7768782377243042 0.7734602689743042 0.7708866000175476 0.7705833315849304 0.7699774503707886 0.7657337188720703 0.7638102769851685 0.762617290019989 0.7578074336051941 0.7602719664573669 0.7533811330795288 0.752772867679596 0.7500655055046082 0.7481443881988525 0.7471001744270325 0.7421565651893616 0.739058256149292 0.7337865829467773 0.733146071434021 0.7274853587150574 0.721278190612793 0.7125457525253296 0.6943588256835938 0.6784539818763733 0.6390709280967712 0.6761064529418945 0.6149154305458069 0.6828810572624207 0.7710316181182861 0.7979764938354492 0.7883545160293579 0.785649299621582
0.7741202712059021 0.7875743508338928 0.7894718647003174 0.788826048374176 0.785841166973114 0.7941990494728088 0.7969246506690979 0.7961159944534302 0.7963054776191711 0.7944476008415222 0.7950692176818848 0.7908675074577332 0.7903996706008911 0.7887153029441833 0.7844104170799255 0.781569242477417 0.7793591618537903 0.7742395997047424 0.7748627662658691 0.7732402682304382 0.7720117568969727 0.7685789465904236 0.7639191746711731 0.7615930438041687 0.7626234889030457 0.759655773639679 0.7565540671348572 0.7537549138069153 0.7536906599998474 0.7495813965797424 0.7487688660621643 0.7422751188278198 0.7389417886734009 0.7404597401618958 0.7331749200820923 0.7258673310279846 0.7239269018173218 0.7140652537345886 0.7081990242004395 0.6953299641609192 0.6818740963935852 0.661698043346405 0.6512415409088135 0.6784507036209106 0.7343381643295288 0.7856377363204956 0.7810683846473694 0.755102813243866
0.7642150521278381 0.7807902693748474 0.7861617207527161 0.7825743556022644 0.7888364791870117 0.7949864864349365 0.797375500202179 0.7961776852607727 0.7948234677314758 0.7945296168327332 0.7930395603179932 0.7928025722503662 0.7910144329071045 0.7890942096710205 0.7861605882644653 0.7855091094970703 0.7803651690483093 0.778965950012207 0.7774050235748291 0.7752280831336975 0.7742969989776611 0.7689152359962463 0.765327513217926 0.7612534165382385 0.7597819566726685 0.7598224878311157 0.7590210437774658 0.7570362091064453 0.7515230178833008 0.7504928112030029 0.7477902173995972 0.7432522773742676 0.7415193915367126 0.739347517490387 0.7304590344429016 0.7271221280097961 0.7250552773475647 0.7205057144165039 0.7060489654541016 0.7012617588043213 0.6865681409835815 0.6823687553405762 0.6013779640197754 0.6514111757278442 0.6964097619056702 0.7740861773490906 0.7516445517539978 0.7406512498855591
0.7698646187782288 0.775560200214386 0.7891365885734558 0.7897265553474426 0.7918489575386047 0.796852707862854 0.7969529628753662 0.7966691851615906 0.7961044311523438 0.7961546182632446 0.7956368327140808 0.7937396764755249 0.7910388708114624 0.7903949022293091 0.7894605398178101 0.7866650223731995 0.7835936546325684 0.781366229057312 0.7803549766540527 0.7791904211044312 0.775114119052887 0.7743755578994751 0.7697176933288574 0.7667266130447388 0.767106294631958 0.7594130039215088 0.7599164247512817 0.7512872815132141 0.7559747695922852 0.7560266852378845 0.7558493614196777 0.7531110644340515 0.7497731447219849 0.7472852468490601 0.740641713142395 0.7340210676193237 0.7294585704803467 0.7266297340393066 0.7199045419692993 0.7019742131233215 0.7188043594360352 0.6990897059440613 0.7178728580474854 0.73038250207901 0.7418529987335205 0.7627013325691223 0.725822925567627 0.6844955086708069
0.7624193429946899 0.7794052958488464 0.7874294519424438 0.7842023372650146 0.7918472290039062 0.7950670719146729 0.7967495918273926 0.7969950437545776 0.7971937656402588 0.7948628067970276 0.7963253855705261 0.7936886548995972 0.7934725284576416 0.7886477112770081 0.7867476940155029 0.7851399183273315 0.7846038937568665 0.7826114892959595 0.7819973230361938 0.7798098921775818 0.7802072763442993 0.7765929102897644 0.7709430456161499 0.7715885043144226 0.7627205848693848 0.7541815042495728 0.7605834007263184 0.7616046071052551 0.7621368169784546 0.7609992623329163 0.7571597695350647 0.7566388845443726 0.7519750595092773 0.7470282912254333 0.739444375038147 0.7317497730255127 0.7265700101852417 0.7227978706359863 0.7157208919525146 0.6937422156333923 0.6838008761405945 0.6839950084686279 0.7213010787963867 0.7571013569831848 0.7800143361091614 0.7567947506904602 0.7370731830596924 0.7030640840530396
0.7731211185455322 0.7806527614593506 0.777634859085083 0.7929470539093018 0.7976863980293274 0.7970767021179199 0.7990494966506958 0.7975844144821167 0.7984566688537598 0.7970731854438782 0.7961886525154114 0.7959133982658386 0.7927060723304749 0.7926520705223083 0.7878477573394775 0.7892424464225769 0.7861758470535278 0.7845189571380615 0.7845563888549805 0.7825563549995422 0.7827871441841125 0.7802134156227112 0.7775323390960693 0.7790663838386536 0.7763785123825073 0.7760772705078125 0.7727577686309814 0.7681318521499634 0.7684335708618164 0.7643304467201233 0.7636620402336121 0.7575922608375549 0.7497748136520386 0.7448199391365051 0.7405810952186584 0.7318582534790039 0.729928195476532 0.72892165184021 0.7200931310653687 0.6977279782295227 0.7208829522132874 0.7315391898155212 0.7140618562698364 0.6433238983154297 0.7198203802108765 0.6716774106025696 0.7275832891464233 0.7197674512863159
0.7772354483604431 0.7859466075897217 0.7884050607681274 0.7957992553710938 0.7992224097251892 0.7991487383842468 0.7996291518211365 0.7985919713973999 0.7989504933357239 0.7971148490905762 0.7975647449493408 0.7969121336936951 0.7963786125183105 0.7931076884269714 0.7899265289306641 0.7911081910133362 0.7897987961769104 0.7901479601860046 0.7882421612739563 0.7855448722839355 0.7840603590011597 0.7818761467933655 0.7799627184867859 0.7828208208084106 0.7814013361930847 0.7802062034606934 0.7766687273979187 0.7738661766052246 0.7717240452766418 0.7684109210968018 0.7635628581047058 0.7544777989387512 0.7493820786476135 0.7429194450378418 0.7348750233650208 0.7288784980773926 0.7295626997947693 0.7215478420257568 0.7121646404266357 0.7087448239326477 0.7373107075691223 0.6951303482055664 0.6796360611915588 0.6889443397521973 0.6259651780128479 0.5937859416007996 0.7038589119911194 0.7277836203575134
0.7685883045196533 0.7852247357368469 0.790797233581543 0.7964982390403748 0.7992641925811768 0.7988207340240479 0.7998477816581726 0.7997573614120483 0.7987386584281921 0.7970320582389832 0.7983412146568298 0.7972363233566284 0.796455979347229 0.7953293323516846 0.7927846312522888 0.7925980091094971 0.7915229797363281 0.7897617220878601 0.788358211517334 0.7857086658477783 0.786015510559082 0.7828534245491028 0.7826687097549438 0.7837191224098206 0.7817872762680054 0.7782155275344849 0.7766632437705994 0.7754790782928467 0.7721121311187744 0.766191303730011 0.76282799243927 0.7550727128982544 0.7452954053878784 0.7254917621612549 0.721218466758728 0.7217852473258972 0.7099875211715698 0.7032067775726318 0.6982974410057068 0.6788254976272583 0.7094570994377136 0.6590009927749634 0.649939775466919 0.6572981476783752 0.6420351266860962 0.6401553153991699 0.6390588283538818 0.6780694723129272
0.7792989015579224 0.7891130447387695 0.794228196144104 0.8009749054908752 0.8013054132461548 0.8014844059944153 0.8012281060218811 0.7999615669250488 0.8002156615257263 0.8006213903427124 0.8002247214317322 0.7992255687713623 0.7983495593070984 0.7961595058441162 0.795839786529541 0.7947794795036316 0.7936363816261292 0.7931427955627441 0.790634274482727 0.7880648970603943 0.78853440284729 0.784601628780365 0.786050021648407 0.7854830622673035 0.7813782691955566 0.7787438631057739 0.7756491899490356 0.7727845907211304 0.7650144696235657 0.7555849552154541 0.7592848539352417 0.7460136413574219 0.7458934187889099 0.7348359227180481 0.7140222787857056 0.6809346079826355 0.6839635968208313 0.6636946201324463 0.6612672805786133 0.6476472616195679 0.6490443348884583 0.6452800035476685 0.6440384984016418 0.6336985230445862 0.605897843837738 0.6130765080451965 0.5827741026878357 0.6417898535728455
0.7800350189208984 0.7911468148231506 0.7979514002799988 0.8009288907051086 0.8009770512580872 0.8009664416313171 0.8012208938598633 0.7998429536819458 0.8006539940834045 0.8004292845726013 0.8018024563789368 0.8002431392669678 0.7992573380470276 0.798551082611084 0.7973870038986206 0.7981739044189453 0.7955639958381653 0.7945479154586792 0.7918426394462585 0.7911701798439026 0.7905182838439941 0.7874287962913513 0.7860531210899353 0.7852672934532166 0.781610369682312 0.7794589996337891 0.7762322425842285 0.7683148384094238 0.7653830051422119 0.7623032927513123 0.7585133910179138 0.7610535621643066 0.7601667046546936 0.7549015283584595 0.749851405620575 0.7241997122764587 0.6888824701309204 0.6693292856216431 0.6756441593170166 0.6411083936691284 0.6411910057067871 0.6084374189376831 0.6560259461402893 0.599876880645752 0.6382565498352051 0.6347004175186157 0.547130823135376 0.6108612418174744
0.791423499584198 0.7948282361030579 0.8010291457176208 0.8040825128555298 0.8039642572402954 0.8024032711982727 0.8017890453338623 0.801185131072998 0.800805389881134 0.8032994270324707 0.8021957874298096 0.802644670009613 0.8020755052566528 0.7998433709144592 0.7984433770179749 0.7985768914222717 0.7972104549407959 0.7957173585891724 0.7925719022750854 0.7929009795188904 0.7905380129814148 0.7879615426063538 0.7828346490859985 0.7822474837303162 0.7792449593544006 0.7764782905578613 0.7711690068244934 0.7606905698776245 0.7626243829727173 0.7622748613357544 0.7619381546974182 0.7494157552719116 0.7633076310157776 0.7622449994087219 0.7581548094749451 0.7383286356925964 0.7333164215087891 0.6803909540176392 0.6933404207229614 0.6033182144165039 0.6226648092269897 0.6240406632423401 0.6023341417312622 0.5645323991775513 0.6982049345970154 0.7565405964851379 0.7463987469673157 0.7089130878448486
0.7981952428817749 0.7987344264984131 0.8007771968841553 0.8033916354179382 0.8042186498641968 0.8024827837944031 0.8035569190979004 0.8025628328323364 0.8019413948059082 0.8034579753875732 0.8022617101669312 0.8033629059791565 0.8020396828651428 0.8017157912254333 0.7998992800712585 0.7983328700065613 0.797481894493103 0.7954416871070862 0.7952931523323059 0.7941190600395203 0.7902697920799255 0.7874553799629211 0.7855654358863831 0.7832940220832825 0.7761967778205872 0.7709934711456299 0.7665387988090515 0.7569414973258972 0.765675961971283 0.7617962956428528 0.7599641680717468 0.7527073621749878 0.7658847570419312 0.7634069919586182 0.7508053183555603 0.7433343529701233 0.7142713665962219 0.6335878372192383 0.6412744522094727 0.671843409538269 0.6565937399864197 0.6526374220848083 0.6892969608306885 0.7115643620491028 0.5628188848495483 0.6696645021438599 0.714045524597168 0.7754330039024353
