resources/myinput/sky_10.asc
NCOLS 387
NROWS 617
XLLCORNER 701280.0
YLLCORNER 5110160.0
CELLSIZE 10.0
NODATA_VALUE -9999
[rows 252 to 272 of 617, columns 144 to 191 of 387]
0.8347055912017822 0.837145209312439 0.8383308053016663 0.8347843289375305 0.8326108455657959 0.8309673070907593 0.8345180153846741 0.835623025894165 0.8347561955451965 0.8351311683654785 0.8337085843086243 0.8342980146408081 0.8335101008415222 0.8347944021224976 0.834895133972168 0.8333036303520203 0.8315103650093079 0.8310891389846802 0.8284465670585632 0.8284276723861694 0.8265243172645569 0.8234187960624695 0.8120264410972595 0.8194686770439148 0.8215941786766052 0.8202506899833679 0.8181260228157043 0.8152458667755127 0.8118607997894287 0.8095759749412537 0.8082795739173889 0.8022004961967468 0.8026514053344727 0.8013902306556702 0.7944650053977966 0.7999256253242493 0.7990152835845947 0.7981565594673157 0.7984128594398499 0.7985177636146545 0.7871315479278564 0.787989616394043 0.7792969346046448 0.7917488813400269 0.7911378145217896 0.7874394655227661 0.784460723400116 0.7725093364715576
0.8307473063468933 0.8348923325538635 0.8383073806762695 0.8382464647293091 0.8339508771896362 0.8277727365493774 0.8332271575927734 0.8346829414367676 0.836738109588623 0.8367043733596802 0.8358327150344849 0.8368143439292908 0.8344968557357788 0.8356964588165283 0.8352754712104797 0.8334144949913025 0.832220733165741 0.8326612114906311 0.8301559686660767 0.8293392062187195 0.8265193104743958 0.8249222040176392 0.8227169513702393 0.8194455504417419 0.8203474879264832 0.8182547092437744 0.8156700134277344 0.8140714168548584 0.8122152090072632 0.8089017868041992 0.8074519038200378 0.8042706847190857 0.8035728335380554 0.8000693917274475 0.7961013317108154 0.8009289503097534 0.7995954751968384 0.7952518463134766 0.7933443188667297 0.791525661945343 0.7871134281158447 0.7902265191078186 0.780987024307251 0.7844120264053345 0.7851502895355225 0.778470516204834 0.7847849130630493 0.7775416374206543
0.8355377912521362 0.83369380235672 0.8328837156295776 0.839225172996521 0.8351399898529053 0.8296433091163635 0.831171452999115 0.836067795753479 0.8367644548416138 0.8377477526664734 0.836952805519104 0.8362858891487122 0.8351661562919617 0.8377224802970886 0.8346335291862488 0.8348343968391418 0.8328633904457092 0.8325530886650085 0.8304955959320068 0.8293303847312927 0.827238917350769 0.8257787227630615 0.8237573504447937 0.8204553723335266 0.8185418248176575 0.8169956207275391 0.8152216672897339 0.8144053220748901 0.8106135725975037 0.807904839515686 0.7993152141571045 0.7931963801383972 0.8049674034118652 0.8069402575492859 0.80571448802948 0.8042598366737366 0.7973485589027405 0.7994894981384277 0.7958518266677856 0.7949288487434387 0.799340009689331 0.7955816388130188 0.7898960113525391 0.7836328744888306 0.7815423011779785 0.771937906742096 0.7701776027679443 0.7621176838874817
0.8419839143753052 0.8389536142349243 0.8382856249809265 0.8412488102912903 0.8400952219963074 0.8343940377235413 0.8327143788337708 0.8357549905776978 0.8372670412063599 0.8373817801475525 0.8360403180122375 0.8357154130935669 0.8361601829528809 0.8372431993484497 0.8357872366905212 0.8293430209159851 0.832699716091156 0.8321986198425293 0.831005334854126 0.8291234374046326 0.8265132308006287 0.8240200281143188 0.8235597014427185 0.8228686451911926 0.8211988806724548 0.8185679316520691 0.816331148147583 0.8147512674331665 0.8113361597061157 0.8072630167007446 0.799345076084137 0.795332670211792 0.807049036026001 0.8056092262268066 0.8070224523544312 0.804712176322937 0.8037447929382324 0.8004317283630371 0.7989729642868042 0.7993954420089722 0.7987267971038818 0.7979225516319275 0.7869442701339722 0.7898222208023071 0.7792056202888489 0.7757042646408081 0.7705082893371582 0.7625582218170166
0.84217369556427 0.8407076597213745 0.8401663899421692 0.8408665060997009 0.8412412405014038 0.8388474583625793 0.8352378606796265 0.8357608914375305 0.8384737968444824 0.8384518027305603 0.8374204635620117 0.8391779661178589 0.8378022909164429 0.8369753956794739 0.8384750485420227 0.8374262452125549 0.8329187035560608 0.8307575583457947 0.8313366770744324 0.829846203327179 0.8278213143348694 0.825771152973175 0.8243448734283447 0.8200492262840271 0.8199557065963745 0.8186399340629578 0.8180102705955505 0.8149640560150146 0.8118138313293457 0.804039478302002 0.7990239858627319 0.80547034740448 0.8103010654449463 0.8065915703773499 0.8082277178764343 0.8046189546585083 0.8039059638977051 0.8028284907341003 0.8002109527587891 0.8002113699913025 0.7973523736000061 0.7925987243652344 0.7849253416061401 0.7857983112335205 0.7827520370483398 0.7824352383613586 0.7811174988746643 0.7734144330024719
0.8407782316207886 0.8319862484931946 0.8375776410102844 0.8382857441902161 0.8365241289138794 0.8332483172416687 0.8329912424087524 0.8282203674316406 0.8377395868301392 0.8389745354652405 0.8391258120536804 0.8393070697784424 0.8378579616546631 0.8347652554512024 0.8359471559524536 0.8352405428886414 0.8326987028121948 0.8320502042770386 0.8304489254951477 0.830765426158905 0.8279836773872375 0.826117217540741 0.8239914774894714 0.8175535202026367 0.8150424957275391 0.8161916732788086 0.8179939389228821 0.8178078532218933 0.8164676427841187 0.8127121329307556 0.8118482232093811 0.8111912608146667 0.809913694858551 0.8097448348999023 0.8035823106765747 0.8029534220695496 0.8027171492576599 0.7955856323242188 0.7882866859436035 0.7888345122337341 0.7947964072227478 0.7916839718818665 0.7845265865325928 0.7780160903930664 0.7746294736862183 0.7732610702514648 0.7732066512107849 0.7693401575088501
0.8426306247711182 0.8392641544342041 0.8402852416038513 0.8409096598625183 0.8399055004119873 0.8396759629249573 0.8392059206962585 0.8372441530227661 0.8376232981681824 0.8389939665794373 0.8389990925788879 0.8395397663116455 0.8355691432952881 0.8361390829086304 0.8313045501708984 0.8345369696617126 0.8339477777481079 0.8313337564468384 0.8292948007583618 0.8280191421508789 0.8296935558319092 0.8284984827041626 0.8247861862182617 0.8171588778495789 0.8237096071243286 0.8216541409492493 0.8207886815071106 0.8161867260932922 0.8157903552055359 0.819028913974762 0.8167169094085693 0.816213846206665 0.8152264356613159 0.8128589391708374 0.8044930696487427 0.8057539463043213 0.8022670149803162 0.8000168800354004 0.7981979250907898 0.8002038598060608 0.7966569066047668 0.7942670583724976 0.7909032106399536 0.7892295122146606 0.7861968278884888 0.782978355884552 0.7787602543830872 0.7753725647926331
0.84116530418396 0.8413141965866089 0.8405068516731262 0.8391537666320801 0.8402287364006042 0.8389944434165955 0.8407283425331116 0.8390835523605347 0.838013768196106 0.8370834589004517 0.8377929925918579 0.8379757404327393 0.8368157744407654 0.8369864821434021 0.8350265026092529 0.8338192701339722 0.831585705280304 0.8309153914451599 0.8290637731552124 0.8280611038208008 0.8288946747779846 0.8266497254371643 0.8238394260406494 0.8071624636650085 0.8239012956619263 0.8219577670097351 0.8194480538368225 0.8210747241973877 0.8216613531112671 0.8214433789253235 0.8197228908538818 0.8200368285179138 0.8141623735427856 0.8147531747817993 0.8135599493980408 0.8041026592254639 0.8016987442970276 0.8002610206604004 0.8021976947784424 0.7952223420143127 0.7895655632019043 0.7899211049079895 0.788751482963562 0.7840776443481445 0.7832045555114746 0.7792976498603821 0.776236355304718 0.7694388031959534
0.841370165348053 0.8420895934104919 0.8371100425720215 0.8304677605628967 0.8346579670906067 0.838087797164917 0.8344928026199341 0.8349478244781494 0.8377273678779602 0.8365837335586548 0.8378638625144958 0.8388829231262207 0.8379917740821838 0.8367576599121094 0.8362959027290344 0.8359245657920837 0.8350909352302551 0.8334913849830627 0.8288912177085876 0.829369843006134 0.8231076002120972 0.827440619468689 0.8248236775398254 0.8052425384521484 0.8177596926689148 0.8203977346420288 0.8222694396972656 0.8239514827728271 0.8237322568893433 0.823319137096405 0.8190617561340332 0.8207021951675415 0.8193678259849548 0.8149014711380005 0.8112283945083618 0.8087702393531799 0.8041386604309082 0.8011497855186462 0.7964785099029541 0.7975425124168396 0.7905833125114441 0.791032075881958 0.7880504727363586 0.7852659225463867 0.7818417549133301 0.7842265367507935 0.775719940662384 0.7726500034332275
0.8433530926704407 0.8322237133979797 0.8153786659240723 0.8117837905883789 0.8283334374427795 0.8239371180534363 0.823094367980957 0.8360939025878906 0.8376452922821045 0.8379250764846802 0.8381626605987549 0.8382900357246399 0.8371862769126892 0.8375871777534485 0.836510181427002 0.8352835774421692 0.8357566595077515 0.8336367607116699 0.8336597681045532 0.831956148147583 0.8304083943367004 0.8287116885185242 0.8257983922958374 0.8027263283729553 0.828815758228302 0.8284383416175842 0.8266022801399231 0.8263415694236755 0.8245781660079956 0.8230444192886353 0.8222801089286804 0.8194894790649414 0.8166300058364868 0.81574946641922 0.8132693767547607 0.8117649555206299 0.8072561621665955 0.8091236352920532 0.8054485321044922 0.7988100647926331 0.7958642244338989 0.788517415523529 0.7838354706764221 0.7847833633422852 0.7868740558624268 0.7798708081245422 0.7756247520446777 0.7748907804489136
0.8407893776893616 0.8122857809066772 0.8103759288787842 0.814917802810669 0.8223358988761902 0.8324294686317444 0.8325712084770203 0.8335959315299988 0.8376381993293762 0.8381724953651428 0.838659405708313 0.8399075269699097 0.8380491137504578 0.8363282680511475 0.8374632000923157 0.8346982002258301 0.8357496857643127 0.8357545137405396 0.8334426879882812 0.8322654962539673 0.8322712779045105 0.8286399245262146 0.8232876658439636 0.7993097305297852 0.8173344731330872 0.8184718489646912 0.82804936170578 0.8289214968681335 0.8255716562271118 0.8242506980895996 0.820514440536499 0.8201348185539246 0.8187121152877808 0.8139115571975708 0.8122789859771729 0.8089112043380737 0.8060809373855591 0.8063287734985352 0.8022262454032898 0.7976921796798706 0.7882204055786133 0.7840595245361328 0.7916340231895447 0.7854350805282593 0.7812994718551636 0.7787063717842102 0.7707966566085815 0.7708660364151001
0.8246115446090698 0.7990189790725708 0.7962784171104431 0.8138342499732971 0.824803352355957 0.833010733127594 0.8347669839859009 0.8365685343742371 0.8392766714096069 0.8389840126037598 0.8392717242240906 0.840693473815918 0.8399073481559753 0.8395432829856873 0.8394022583961487 0.8381654620170593 0.8381317853927612 0.8371250629425049 0.8340882658958435 0.8305040001869202 0.8296095728874207 0.8273170590400696 0.8230683207511902 0.8236740231513977 0.7915385961532593 0.7945595979690552 0.806948721408844 0.8137767314910889 0.824552059173584 0.8239337205886841 0.8236204385757446 0.819895327091217 0.8168997764587402 0.8155309557914734 0.8158994913101196 0.8113937377929688 0.8086491823196411 0.804233729839325 0.8001168966293335 0.8025391697883606 0.8000616431236267 0.7974569797515869 0.7908394932746887 0.7885664105415344 0.7858474254608154 0.7808489203453064 0.7704206109046936 0.7540262341499329
0.8088335990905762 0.7963516116142273 0.802320659160614 0.814949095249176 0.82359379529953 0.8317817449569702 0.8355544805526733 0.8358220458030701 0.8384564518928528 0.8407681584358215 0.8405362367630005 0.8412940502166748 0.8420202732086182 0.8410652875900269 0.8395400047302246 0.8396655917167664 0.8353329300880432 0.8120738863945007 0.7882335186004639 0.8099794387817383 0.8090256452560425 0.8102021813392639 0.8082681894302368 0.8114207983016968 0.8026970624923706 0.7962169647216797 0.7786182165145874 0.7572958469390869 0.8129709959030151 0.8256068825721741 0.8247160911560059 0.8211933970451355 0.8198273181915283 0.8174459338188171 0.8160225749015808 0.8114413022994995 0.8088997006416321 0.8076291084289551 0.8066218495368958 0.7994953989982605 0.7984838485717773 0.7942990660667419 0.7919132113456726 0.7868902683258057 0.7836999893188477 0.782595694065094 0.7784611582756042 0.7704755663871765
0.7883394956588745 0.8082767128944397 0.806796133518219 0.8188065886497498 0.8248577117919922 0.8322859406471252 0.8358807563781738 0.8372386693954468 0.8385106921195984 0.8400607705116272 0.8409512042999268 0.8425760865211487 0.8404317498207092 0.8410865664482117 0.8403186798095703 0.8349323868751526 0.8106401562690735 0.7413692474365234 0.7807852029800415 0.8025137186050415 0.8015164732933044 0.8089447021484375 0.8069359064102173 0.756564199924469 0.7651296257972717 0.8165445327758789 0.777741551399231 0.7605469822883606 0.7883714437484741 0.825350284576416 0.8245523571968079 0.8229038119316101 0.8205844759941101 0.8181963562965393 0.8146408200263977 0.8122178316116333 0.8084207773208618 0.805383563041687 0.8022810220718384 0.8014113306999207 0.7969733476638794 0.790833055973053 0.785596489906311 0.7815476655960083 0.7731659412384033 0.7630422115325928 0.7539457082748413 0.7433750033378601
0.8010526299476624 0.7986692786216736 0.8045471906661987 0.8193988800048828 0.8261051177978516 0.8323224186897278 0.8352363705635071 0.8378732800483704 0.838226318359375 0.8403798937797546 0.8374311923980713 0.8328060507774353 0.8334335684776306 0.839258074760437 0.8304510712623596 0.8110937476158142 0.802325427532196 0.7966070175170898 0.8148795962333679 0.8189480900764465 0.8147575855255127 0.8099384307861328 0.768775463104248 0.7573341727256775 0.7179161906242371 0.7841365337371826 0.7883221507072449 0.7782567739486694 0.8098450899124146 0.8228102922439575 0.8219393491744995 0.820982038974762 0.8190014958381653 0.817186713218689 0.8133452534675598 0.8117033839225769 0.8076285123825073 0.8043172359466553 0.7981768250465393 0.7946402430534363 0.7926355600357056 0.7896820902824402 0.7803681492805481 0.7792410850524902 0.7631849050521851 0.7561992406845093 0.755938708782196 0.7465744614601135
0.7651830911636353 0.782157838344574 0.7826480865478516 0.7999342083930969 0.8049767017364502 0.7924116253852844 0.7984293103218079 0.8118742108345032 0.8302940130233765 0.8379220366477966 0.8351332545280457 0.8346351981163025 0.8383995294570923 0.8314332365989685 0.8138183355331421 0.8055540919303894 0.7791231274604797 0.8031706809997559 0.81893390417099 0.8135903477668762 0.7956669330596924 0.7669067978858948 0.7302339673042297 0.725821852684021 0.7325237393379211 0.7661978006362915 0.8023428320884705 0.8199570775032043 0.8259623646736145 0.8257770538330078 0.8231843709945679 0.821087121963501 0.8194825053215027 0.8168758153915405 0.8142829537391663 0.8124720454216003 0.8086603879928589 0.8048993349075317 0.8038018345832825 0.7967841029167175 0.7934432625770569 0.7899273037910461 0.781188428401947 0.7689040303230286 0.7661120891571045 0.7570647597312927 0.7526144981384277 0.7503412365913391
0.6912664175033569 0.7427245378494263 0.772444486618042 0.7668226361274719 0.7603463530540466 0.727746307849884 0.7636483907699585 0.7644137144088745 0.7968000173568726 0.8193442821502686 0.8293290138244629 0.8294631838798523 0.8262165784835815 0.808696448802948 0.7988685965538025 0.777326226234436 0.7923811078071594 0.7872605323791504 0.8101953268051147 0.7897791862487793 0.7467144131660461 0.7604855298995972 0.7426918148994446 0.7317144274711609 0.7102388143539429 0.7452134490013123 0.8007326126098633 0.8299669623374939 0.8276695609092712 0.8258286118507385 0.8228617906570435 0.8215397596359253 0.8174564242362976 0.8156353831291199 0.8147639036178589 0.8120315670967102 0.8089775443077087 0.8064475059509277 0.8008015155792236 0.7975689172744751 0.7952591776847839 0.7811598181724548 0.7733801007270813 0.7637935280799866 0.7582919001579285 0.7545819282531738 0.7485372424125671 0.7197933793067932
0.7150205373764038 0.7578089833259583 0.7577747106552124 0.7675358653068542 0.7723046541213989 0.7713084816932678 0.7638024687767029 0.7593843936920166 0.7546522617340088 0.7735492587089539 0.7849655747413635 0.7868439555168152 0.7866622805595398 0.784054160118103 0.7887791991233826 0.807054877281189 0.7830315232276917 0.7747418880462646 0.7891279458999634 0.769047737121582 0.7801268100738525 0.7645484209060669 0.7740370631217957 0.764542818069458 0.7644758224487305 0.7586434483528137 0.817922830581665 0.8313696384429932 0.8291835188865662 0.8268089294433594 0.8250353336334229 0.8224683403968811 0.8184501528739929 0.8177959322929382 0.817366898059845 0.8129200339317322 0.808939516544342 0.8015583753585815 0.7954612374305725 0.7914820909500122 0.7881879806518555 0.7797784209251404 0.7719599604606628 0.7666199803352356 0.7623251676559448 0.7511041164398193 0.7439336180686951 0.706859290599823
0.7603007555007935 0.7618057131767273 0.7726000547409058 0.7834587693214417 0.783762514591217 0.7821034789085388 0.7852193713188171 0.7733822464942932 0.7350539565086365 0.753422200679779 0.7844215631484985 0.7965591549873352 0.7909438610076904 0.7945561408996582 0.8137173652648926 0.8033838868141174 0.7846286296844482 0.7839791774749756 0.7939516305923462 0.7981494069099426 0.7765942215919495 0.768971860408783 0.7568010687828064 0.7514208555221558 0.7965685725212097 0.816880464553833 0.831450879573822 0.8305584192276001 0.8289985060691833 0.8279159665107727 0.8247641921043396 0.8193679451942444 0.8192363381385803 0.8176152110099792 0.8110038638114929 0.8071045279502869 0.8071209192276001 0.8003557920455933 0.7951693534851074 0.7912313342094421 0.7838876843452454 0.7769638299942017 0.7747108936309814 0.7642043828964233 0.7552397847175598 0.7475922107696533 0.7342960238456726 0.6732192635536194
0.7701122164726257 0.7736989259719849 0.7793722152709961 0.7829575538635254 0.7838518023490906 0.7868658304214478 0.7901710867881775 0.7861257791519165 0.7834152579307556 0.7911404371261597 0.7742829322814941 0.7902821898460388 0.8077368140220642 0.8083894848823547 0.7980144619941711 0.789946973323822 0.7852712273597717 0.7844981551170349 0.801920473575592 0.7618455290794373 0.7836998105049133 0.785062849521637 0.7907738089561462 0.7990950345993042 0.8073576092720032 0.8127539753913879 0.82302325963974 0.8272939324378967 0.8275613784790039 0.8274154663085938 0.8238804340362549 0.8232288360595703 0.8196829557418823 0.8157490491867065 0.8117535710334778 0.8095217347145081 0.8060802817344666 0.8027689456939697 0.7970788478851318 0.7934096455574036 0.7841318249702454 0.7792406678199768 0.7697872519493103 0.7586275935173035 0.754389226436615 0.7469301223754883 0.7418395280838013 0.6796730160713196
0.7773746252059937 0.7826803922653198 0.7842944860458374 0.7844065427780151 0.7861410975456238 0.7895189523696899 0.7927977442741394 0.7892135381698608 0.7918828725814819 0.8043317198753357 0.8090131878852844 0.8045167922973633 0.8058536648750305 0.8058030605316162 0.7488498687744141 0.7958678007125854 0.7966133952140808 0.7988747954368591 0.7436882853507996 0.8052546977996826 0.8161693215370178 0.820670485496521 0.818882405757904 0.8112161755561829 0.7983396053314209 0.8074111342430115 0.8017455339431763 0.814326286315918 0.8272493481636047 0.8262801170349121 0.8256476521492004 0.8207795023918152 0.8193946480751038 0.814622700214386 0.811144232749939 0.8097531795501709 0.8037022352218628 0.8010094165802002 0.7987051606178284 0.787472128868103 0.7760419249534607 0.7701616287231445 0.7671599984169006 0.762438952922821 0.7526365518569946 0.7443783283233643 0.7354205846786499 0.7188130021095276
