resources/myinput/sky_10.asc
NCOLS 387
NROWS 617
XLLCORNER 701280.0
YLLCORNER 5110160.0
CELLSIZE 10.0
NODATA_VALUE -9999
[rows 441 to 461 of 617, columns 288 to 335 of 387]
0.8520920872688293 0.8356752991676331 0.8446563482284546 0.8417733311653137 0.8482100367546082 0.8427010178565979 0.8357247114181519 0.8464046120643616 0.8522050976753235 0.847730278968811 0.863943338394165 0.8713436126708984 0.8775316476821899 0.8801856637001038 0.8826484084129333 0.8795713186264038 0.8693742156028748 0.8430548906326294 0.8847060203552246 0.8907143473625183 0.8855235576629639 0.8893696069717407 0.8910329341888428 0.8920114636421204 0.8914615511894226 0.8928918242454529 0.887459933757782 0.8895426988601685 0.8890476822853088 0.8791316151618958 0.8741324543952942 0.8844777941703796 0.8774970173835754 0.8676916360855103 0.8741393685340881 0.8709322214126587 0.880704402923584 0.8779813051223755 0.876388430595398 0.8757639527320862 0.8745859265327454 0.8719790577888489 0.8705542087554932 0.8680176138877869 0.8661275506019592 0.8639844655990601 0.865625262260437 0.8645402193069458
0.8544161319732666 0.8517510890960693 0.8537938594818115 0.842293918132782 0.8526223301887512 0.8537368178367615 0.8487836122512817 0.8516098856925964 0.8583436608314514 0.8617261052131653 0.8595877289772034 0.8631715178489685 0.8804114460945129 0.8824314475059509 0.8838706612586975 0.8814528584480286 0.8755106329917908 0.8641895055770874 0.8693867325782776 0.8908552527427673 0.8819377422332764 0.8843259215354919 0.8863569498062134 0.889782726764679 0.8900756239891052 0.8898146748542786 0.8816252946853638 0.889752209186554 0.8883892893791199 0.8788318634033203 0.879803478717804 0.8858239650726318 0.8694722056388855 0.8718157410621643 0.8761453628540039 0.8794592022895813 0.8803162574768066 0.8751370906829834 0.874139666557312 0.8734777569770813 0.8731364607810974 0.8740299940109253 0.8718269467353821 0.8706448674201965 0.867165744304657 0.8661417961120605 0.8676157593727112 0.8667382001876831
0.855360209941864 0.850412130355835 0.8568218946456909 0.8456252217292786 0.8566973209381104 0.8627936244010925 0.8559156656265259 0.8525506854057312 0.8602594137191772 0.8683923482894897 0.8670891523361206 0.8644248843193054 0.8818550705909729 0.8851064443588257 0.8826413154602051 0.8840321898460388 0.8828094005584717 0.8761913776397705 0.86650151014328 0.88970947265625 0.8847460746765137 0.8903608322143555 0.8886153697967529 0.8906916379928589 0.8919456601142883 0.8919373750686646 0.8905595541000366 0.8895326852798462 0.8876244425773621 0.8757266402244568 0.8856766223907471 0.8864634037017822 0.8710964322090149 0.8717857003211975 0.8739339709281921 0.8815342783927917 0.8791753053665161 0.8752729892730713 0.876186728477478 0.8751606345176697 0.8755380511283875 0.8755893707275391 0.8733049631118774 0.870969831943512 0.8692250847816467 0.8670865297317505 0.8687400221824646 0.8671594262123108
0.8468138575553894 0.8457220196723938 0.8523721098899841 0.8453119397163391 0.85127192735672 0.860129177570343 0.8544255495071411 0.8564295172691345 0.8644304275512695 0.8672369718551636 0.8441681265830994 0.8514823913574219 0.8691763281822205 0.8856080174446106 0.8568126559257507 0.8786330223083496 0.8837348222732544 0.884777307510376 0.8731651902198792 0.8900885581970215 0.8902533650398254 0.8906338214874268 0.8898799419403076 0.8882545828819275 0.8919913172721863 0.8902021646499634 0.8813006281852722 0.8835645914077759 0.8884791135787964 0.8807128667831421 0.8846260905265808 0.885707676410675 0.877736508846283 0.8796204924583435 0.8793230056762695 0.8829717636108398 0.8763608932495117 0.8751477003097534 0.8773069381713867 0.8767515420913696 0.8772233128547668 0.8764927983283997 0.8728958368301392 0.8716534972190857 0.8700540661811829 0.870712161064148 0.8690828084945679 0.8639354705810547
0.8547847867012024 0.8441462516784668 0.8649579286575317 0.8512270450592041 0.8561509251594543 0.8647686839103699 0.8654246926307678 0.8638021349906921 0.8702427744865417 0.8660386204719543 0.8540757298469543 0.8514259457588196 0.8578994870185852 0.8743895292282104 0.8615672588348389 0.8466700315475464 0.8665767908096313 0.8891592025756836 0.8846635818481445 0.875480592250824 0.8750817775726318 0.8763357400894165 0.8862239718437195 0.8903858065605164 0.8920984268188477 0.8870954513549805 0.8641312122344971 0.876794159412384 0.8802850246429443 0.8608424663543701 0.8802660703659058 0.8849095702171326 0.8838000297546387 0.8827939629554749 0.8831093907356262 0.8826006054878235 0.8775416612625122 0.8769174218177795 0.875791609287262 0.8770064115524292 0.8784318566322327 0.8730800151824951 0.8713564872741699 0.871337890625 0.8708378672599792 0.8672406077384949 0.8677363991737366 0.8656988739967346
0.8622826337814331 0.8570391535758972 0.863718569278717 0.8597031831741333 0.8624427914619446 0.8712159395217896 0.8730649352073669 0.8726083040237427 0.8729271292686462 0.8482025861740112 0.8398879766464233 0.8401234745979309 0.852997362613678 0.8658897876739502 0.8557442426681519 0.8174062371253967 0.8534303307533264 0.8786563873291016 0.8854633569717407 0.8708377480506897 0.8760075569152832 0.8843940496444702 0.8728014826774597 0.8760131001472473 0.8883554339408875 0.8690097332000732 0.8443903923034668 0.8632027506828308 0.8699893355369568 0.8475176692008972 0.8689403533935547 0.880742609500885 0.8817760944366455 0.8838235139846802 0.8843631148338318 0.8819320201873779 0.8808627724647522 0.8797063231468201 0.8788688778877258 0.8778741955757141 0.8778200745582581 0.8746381402015686 0.8706817030906677 0.8677051663398743 0.8579589128494263 0.8527558445930481 0.8664189577102661 0.8654775023460388
0.8593248128890991 0.8427243828773499 0.8587015271186829 0.8546671271324158 0.8580374717712402 0.8752357363700867 0.8774536848068237 0.8793430924415588 0.8606480360031128 0.8396471738815308 0.8393991589546204 0.8423519134521484 0.851241409778595 0.8612231016159058 0.8318008184432983 0.83753901720047 0.8486031889915466 0.8593431115150452 0.8739432692527771 0.8738831281661987 0.8705260157585144 0.8726109862327576 0.8583349585533142 0.8629816770553589 0.877883791923523 0.8561329245567322 0.8322566151618958 0.8586196899414062 0.861905038356781 0.8445627689361572 0.8580167889595032 0.8666411638259888 0.8568712472915649 0.8659175038337708 0.8635926842689514 0.8623831272125244 0.8679600954055786 0.8644959330558777 0.8675583004951477 0.8656172156333923 0.8756900429725647 0.8758180737495422 0.8731064796447754 0.8690568804740906 0.8624112010002136 0.8650853037834167 0.8673372268676758 0.8672478199005127
0.8574255704879761 0.8493371605873108 0.8527173399925232 0.8494281768798828 0.8522599935531616 0.8715296387672424 0.8786894679069519 0.8793491125106812 0.8577801585197449 0.8283070921897888 0.849132239818573 0.8445562124252319 0.8570685982704163 0.8402542471885681 0.8160369396209717 0.8457219004631042 0.8463939428329468 0.8495720624923706 0.8606716394424438 0.8475927114486694 0.8626803755760193 0.8674322366714478 0.8571383357048035 0.854103147983551 0.8595001697540283 0.8517122864723206 0.8419486284255981 0.8473284244537354 0.844353437423706 0.8411074876785278 0.8593788743019104 0.8483173251152039 0.8490346670150757 0.8602853417396545 0.8465025424957275 0.8452549576759338 0.858579158782959 0.8368542790412903 0.843137264251709 0.8402235507965088 0.8623080849647522 0.8732002377510071 0.8716370463371277 0.8625146150588989 0.8660826683044434 0.867521345615387 0.8659567832946777 0.8675683736801147
0.8587458729743958 0.8493983745574951 0.8609890937805176 0.8530259728431702 0.8399903178215027 0.8625857830047607 0.8757989406585693 0.8786011338233948 0.8642328977584839 0.8323850631713867 0.8444332480430603 0.8487326502799988 0.8507147431373596 0.8291040062904358 0.8391162157058716 0.8357964754104614 0.8398869633674622 0.8456109762191772 0.8538903594017029 0.8297690749168396 0.8528788089752197 0.8549762964248657 0.8462122082710266 0.8453086018562317 0.8606396317481995 0.8577666282653809 0.834770679473877 0.8405582308769226 0.8396731615066528 0.8433331847190857 0.8500628471374512 0.8372610807418823 0.8494492173194885 0.8531705737113953 0.8405278325080872 0.844899594783783 0.8514695167541504 0.8373061418533325 0.8373292088508606 0.8251441717147827 0.8332063555717468 0.8533948659896851 0.8624115586280823 0.8643010258674622 0.8666220307350159 0.8607217669487 0.8651143312454224 0.8643646836280823
0.8469235301017761 0.8492326736450195 0.8580390810966492 0.852925717830658 0.8529084920883179 0.8650641441345215 0.875808835029602 0.868751585483551 0.8697229623794556 0.8417865633964539 0.8374779224395752 0.8504229187965393 0.8524653315544128 0.8426610231399536 0.8526686429977417 0.848099410533905 0.8420275449752808 0.8424564599990845 0.8513700366020203 0.8457595705986023 0.85769122838974 0.8527951240539551 0.8520811200141907 0.8420469760894775 0.8569312691688538 0.852042019367218 0.8360303044319153 0.8458968997001648 0.8414828181266785 0.852086067199707 0.8532453775405884 0.8471013903617859 0.8513339161872864 0.8523010611534119 0.8403084874153137 0.8417652249336243 0.8506511449813843 0.8367769122123718 0.8429717421531677 0.8307013511657715 0.8272237181663513 0.8392080068588257 0.8296668529510498 0.8470560908317566 0.8506792783737183 0.8495383858680725 0.8597421646118164 0.8621893525123596
0.8593247532844543 0.8588308691978455 0.867122232913971 0.85971999168396 0.8694295287132263 0.8746466636657715 0.8776165843009949 0.8727030158042908 0.8702191114425659 0.8402714729309082 0.8428322672843933 0.8502520322799683 0.8506007194519043 0.8524343967437744 0.8436098098754883 0.8388174772262573 0.8473790287971497 0.8423181772232056 0.8419636487960815 0.8465447425842285 0.8531466722488403 0.8498896360397339 0.8514633178710938 0.8518388867378235 0.8581368327140808 0.854407548904419 0.8410845994949341 0.8511114120483398 0.8499116897583008 0.8513520359992981 0.8538377285003662 0.8509332537651062 0.85172039270401 0.8519818186759949 0.8426823019981384 0.8492397665977478 0.8486633896827698 0.8415270447731018 0.8474830389022827 0.841528058052063 0.8305469751358032 0.8390970826148987 0.8285879492759705 0.8485572934150696 0.8503072261810303 0.8533298373222351 0.8602105975151062 0.8618431687355042
0.8629366755485535 0.8569006323814392 0.8643956184387207 0.8579866886138916 0.8620063066482544 0.8737156987190247 0.8794190883636475 0.8675336241722107 0.8614696264266968 0.8365037441253662 0.8423658013343811 0.8488678932189941 0.8453436493873596 0.8508931398391724 0.8441122770309448 0.8352054953575134 0.8377950191497803 0.8423227071762085 0.8291308283805847 0.8458253145217896 0.8537115454673767 0.8466948866844177 0.8463994860649109 0.848283588886261 0.8501619696617126 0.8514283895492554 0.847301721572876 0.853364109992981 0.8523815870285034 0.8552296161651611 0.8572915196418762 0.8513170480728149 0.8505342602729797 0.8521559834480286 0.8431059718132019 0.8495697975158691 0.8475200533866882 0.8430677056312561 0.8496766090393066 0.8468683958053589 0.847640872001648 0.8479674458503723 0.8497180342674255 0.8551154732704163 0.8572546243667603 0.8573428988456726 0.8583094477653503 0.8583498597145081
0.8639992475509644 0.8659908175468445 0.8687817454338074 0.859656572341919 0.8503784537315369 0.8626430630683899 0.8732349872589111 0.8656945824623108 0.8621975183486938 0.8501907587051392 0.843845009803772 0.8538505434989929 0.8483090996742249 0.8516931533813477 0.8477449417114258 0.8459635972976685 0.8428393006324768 0.8476629257202148 0.8424623608589172 0.8516042232513428 0.8488580584526062 0.8545857667922974 0.8544549345970154 0.8498592972755432 0.8556908369064331 0.8507105708122253 0.8432123064994812 0.8544251322746277 0.8524652719497681 0.8552809357643127 0.8551718592643738 0.8496175408363342 0.8513262867927551 0.8504001498222351 0.8471164703369141 0.8501068353652954 0.8499702215194702 0.8486685156822205 0.8524686694145203 0.8543756008148193 0.8522277474403381 0.8513355851173401 0.8546043038368225 0.8563066720962524 0.8505672216415405 0.8397200703620911 0.85444575548172 0.8396909236907959
0.8642349243164062 0.8656134605407715 0.8691257834434509 0.8551756143569946 0.8482182025909424 0.8552544713020325 0.863855242729187 0.8597161173820496 0.8626773357391357 0.8516193628311157 0.8486554622650146 0.8533763289451599 0.8512556552886963 0.8541495203971863 0.8490850329399109 0.8496525883674622 0.8425695300102234 0.8499239683151245 0.8476284146308899 0.8543353080749512 0.8545878529548645 0.8555001616477966 0.8552691340446472 0.8493400812149048 0.8554603457450867 0.8530964255332947 0.849990725517273 0.8555161356925964 0.8557109832763672 0.855729341506958 0.8526546359062195 0.8486054539680481 0.8518603444099426 0.8491706252098083 0.8491430878639221 0.8508870601654053 0.8483648300170898 0.8444445729255676 0.8510274291038513 0.8527868390083313 0.8509681224822998 0.8518857359886169 0.8538609743118286 0.8399233818054199 0.8169965744018555 0.8058457374572754 0.8322287201881409 0.8240272998809814
0.8639490604400635 0.8619674444198608 0.8638014793395996 0.8549919128417969 0.8456882238388062 0.8555015921592712 0.8613021969795227 0.8592612147331238 0.8621718883514404 0.8463425040245056 0.8452826738357544 0.852961540222168 0.8503140211105347 0.8527945876121521 0.8476184606552124 0.8498491048812866 0.8516924977302551 0.8492251038551331 0.8518996238708496 0.8542031049728394 0.8540579080581665 0.8558452725410461 0.8537922501564026 0.849827229976654 0.8526684045791626 0.8531728982925415 0.8523915410041809 0.8540300726890564 0.8544204235076904 0.851840615272522 0.8518015742301941 0.8486195802688599 0.8482467532157898 0.847661018371582 0.8474310040473938 0.8471279740333557 0.8463962078094482 0.8445592522621155 0.845208466053009 0.8412039875984192 0.8451835513114929 0.8473055958747864 0.7991409301757812 0.793927788734436 0.8446281552314758 0.8466712832450867 0.8486562967300415 0.8488200306892395
0.8735408782958984 0.8721001148223877 0.871619462966919 0.8580637574195862 0.8435589671134949 0.8504730463027954 0.8577327132225037 0.8546343445777893 0.8645263314247131 0.8433085680007935 0.8484787940979004 0.8564375042915344 0.8532653450965881 0.8528467416763306 0.8504958748817444 0.8507894277572632 0.8538246750831604 0.8528271913528442 0.8515603542327881 0.8570115566253662 0.854607105255127 0.8534725904464722 0.8513162136077881 0.8501275777816772 0.8514077663421631 0.8542594909667969 0.852761447429657 0.853767991065979 0.8514994382858276 0.841330349445343 0.8493101000785828 0.8478314280509949 0.847533106803894 0.8452521562576294 0.8449887037277222 0.842380166053772 0.8445729613304138 0.8442672491073608 0.8450527191162109 0.8228102922439575 0.8212984204292297 0.8201043009757996 0.8423850536346436 0.8455429673194885 0.8499264121055603 0.852469801902771 0.8550809621810913 0.8534113168716431
0.8752476572990417 0.8717044591903687 0.8696900606155396 0.8507153391838074 0.8401874303817749 0.8507558703422546 0.8581283092498779 0.8554946184158325 0.8608378171920776 0.8471848964691162 0.8536331057548523 0.8576959371566772 0.8549282550811768 0.8542170524597168 0.8503923416137695 0.8504993915557861 0.8547085523605347 0.8540990948677063 0.8507096767425537 0.8542168140411377 0.8493603467941284 0.8524861335754395 0.8487812876701355 0.8475081324577332 0.850978434085846 0.8514067530632019 0.851294994354248 0.8522015810012817 0.8062964677810669 0.7966064214706421 0.8317663073539734 0.8445908427238464 0.8430017828941345 0.8415426015853882 0.8035003542900085 0.8036879897117615 0.80816251039505 0.7902175188064575 0.8141062259674072 0.8430233597755432 0.8457401394844055 0.8445252776145935 0.8453344702720642 0.8492192029953003 0.8497022986412048 0.8497825860977173 0.8494120240211487 0.8507029414176941
0.876080334186554 0.8675321936607361 0.8630274534225464 0.8315430283546448 0.8352696895599365 0.8515517115592957 0.8567821979522705 0.857017993927002 0.8612119555473328 0.8496626019477844 0.856142520904541 0.8572939038276672 0.8531336784362793 0.8521525263786316 0.8511494994163513 0.8505392074584961 0.8535647392272949 0.8524497747421265 0.8545370101928711 0.8538501262664795 0.848850429058075 0.8479774594306946 0.848939836025238 0.8475123047828674 0.8383649587631226 0.8254190683364868 0.8315568566322327 0.8490912914276123 0.8372870087623596 0.8273239731788635 0.8303152322769165 0.8352528214454651 0.8331363201141357 0.8242355585098267 0.8336180448532104 0.8382652997970581 0.8394105434417725 0.840084969997406 0.8400371670722961 0.8374914526939392 0.8424261212348938 0.8422661423683167 0.8445811867713928 0.8443682789802551 0.8459869623184204 0.8485019207000732 0.847989022731781 0.8478907942771912
0.8572030663490295 0.849117636680603 0.839521586894989 0.8415997624397278 0.8293429017066956 0.8523127436637878 0.8552009463310242 0.8517082929611206 0.8561436533927917 0.8511714935302734 0.8581660985946655 0.857441246509552 0.8550003170967102 0.8525230288505554 0.8496864438056946 0.8510892391204834 0.8509195446968079 0.8532726168632507 0.852916419506073 0.8513809442520142 0.8458226919174194 0.8470163345336914 0.8472883701324463 0.843765377998352 0.8124769926071167 0.8045644164085388 0.7891406416893005 0.8417081236839294 0.8383530974388123 0.8307064175605774 0.8211960792541504 0.8268607258796692 0.831308901309967 0.8347678780555725 0.8374903798103333 0.8373022675514221 0.8378794193267822 0.8349606394767761 0.8361732959747314 0.8359549641609192 0.8367820382118225 0.8400862216949463 0.8411173224449158 0.839995801448822 0.8426565527915955 0.8436830043792725 0.8459129333496094 0.8466899991035461
0.8495465517044067 0.8405413627624512 0.8433765172958374 0.8402802348136902 0.8327263593673706 0.8428674340248108 0.8539023995399475 0.8501719832420349 0.8566744327545166 0.8560941815376282 0.8571552038192749 0.856433629989624 0.853759765625 0.8524169921875 0.8495723605155945 0.8496769070625305 0.8491673469543457 0.8489890694618225 0.8496887683868408 0.8497705459594727 0.8448901772499084 0.8460255265235901 0.8455730080604553 0.8361951112747192 0.8234518766403198 0.8226495981216431 0.7938077449798584 0.8372288346290588 0.8154065012931824 0.8299317955970764 0.8298138976097107 0.835235059261322 0.835286021232605 0.835286557674408 0.8333971500396729 0.8334071636199951 0.8343404531478882 0.8332421183586121 0.8328940868377686 0.823771059513092 0.8145679831504822 0.8259240388870239 0.811211884021759 0.8192898035049438 0.818056583404541 0.8175438046455383 0.8260822296142578 0.8238201141357422
0.8476095795631409 0.8438770771026611 0.8481249213218689 0.8394208550453186 0.837643563747406 0.846949577331543 0.8538976311683655 0.8535425662994385 0.8554583191871643 0.8551976084709167 0.8554989695549011 0.8533703088760376 0.8502790927886963 0.849751353263855 0.8468295335769653 0.8470251560211182 0.8489679098129272 0.8490063548088074 0.8461446166038513 0.8468412756919861 0.8419443964958191 0.8419614434242249 0.841567873954773 0.836785078048706 0.8354274034500122 0.8327603936195374 0.8343026041984558 0.8280537128448486 0.8209986090660095 0.8318407535552979 0.8311969637870789 0.831836462020874 0.8311892747879028 0.8310831785202026 0.8271164894104004 0.831371545791626 0.8314791321754456 0.8304671049118042 0.8315934538841248 0.8308379650115967 0.8314327001571655 0.8330661058425903 0.8298379182815552 0.8304668068885803 0.8278794884681702 0.8257573246955872 0.8234041333198547 0.810543954372406
